0.0703161279000000 0.1034488454000000 -0.0576314942100000
0.0703161279000000 0.1034488454000000 -0.0538814942100000
0.0703161279000000 0.1034488454000000 -0.0501314942100000
0.0703161279000000 0.1034488454000000 -0.0463814942100000
0.0703161279000000 0.1034488454000000 -0.0426314942100000
0.0703161279000000 0.1034488454000000 -0.0388814942100000
0.0703161279000000 0.1034488454000000 -0.0351314942100000
0.0703161279000000 0.1034488454000000 -0.0313814942100000
0.0703161279000000 0.1034488454000000 -0.0276314942100000
0.0703161279000000 0.1034488454000000 -0.0238814942100000
0.0703161279000000 0.1034488454000000 -0.0201314942100000
0.0703161279000000 0.1034488454000000 -0.0163814942100000
0.0703161279000000 0.1034488454000000 -0.0126314942100000
0.0703161279000000 0.1034488454000000 -0.0088814942100000
0.0703161279000000 0.1034488454000000 -0.0051314942100000
0.0703161279000000 0.1034488454000000 -0.0013814942100000
0.0703161279000000 0.1034488454000000 0.0023685057900000
0.0703161279000000 0.1034488454000000 0.0061185057900000
0.0703161279000000 0.1034488454000000 0.0098685057900000
0.0703161279000000 0.1034488454000000 0.0136185057900000
0.0703161279000000 0.1034488454000000 0.0173685057900000
0.0703161279000000 0.1034488454000000 0.0211185057900000
0.0703161279000000 0.1034488454000000 0.0248685057900000
0.0703161279000000 0.1034488454000000 0.0286185057900000
0.0703161279000000 0.1034488454000000 0.0323685057900000
0.0703690449833333 0.1034488454000000 -0.0576314942100000
0.0703690449833333 0.1034488454000000 -0.0538814942100000
0.0703690449833333 0.1034488454000000 -0.0501314942100000
0.0703690449833333 0.1034488454000000 -0.0463814942100000
0.0703690449833333 0.1034488454000000 -0.0426314942100000
0.0703690449833333 0.1034488454000000 -0.0388814942100000
0.0703690449833333 0.1034488454000000 -0.0351314942100000
0.0703690449833333 0.1034488454000000 -0.0313814942100000
0.0703690449833333 0.1034488454000000 -0.0276314942100000
0.0703690449833333 0.1034488454000000 -0.0238814942100000
0.0703690449833333 0.1034488454000000 -0.0201314942100000
0.0703690449833333 0.1034488454000000 -0.0163814942100000
0.0703690449833333 0.1034488454000000 -0.0126314942100000
0.0703690449833333 0.1034488454000000 -0.0088814942100000
0.0703690449833333 0.1034488454000000 -0.0051314942100000
0.0703690449833333 0.1034488454000000 -0.0013814942100000
0.0703690449833333 0.1034488454000000 0.0023685057900000
0.0703690449833333 0.1034488454000000 0.0061185057900000
0.0703690449833333 0.1034488454000000 0.0098685057900000
0.0703690449833333 0.1034488454000000 0.0136185057900000
0.0703690449833333 0.1034488454000000 0.0173685057900000
0.0703690449833333 0.1034488454000000 0.0211185057900000
0.0703690449833333 0.1034488454000000 0.0248685057900000
0.0703690449833333 0.1034488454000000 0.0286185057900000
0.0703690449833333 0.1034488454000000 0.0323685057900000
0.0704219620666667 0.1034488454000000 -0.0576314942100000
0.0704219620666667 0.1034488454000000 -0.0538814942100000
0.0704219620666667 0.1034488454000000 -0.0501314942100000
0.0704219620666667 0.1034488454000000 -0.0463814942100000
0.0704219620666667 0.1034488454000000 -0.0426314942100000
0.0704219620666667 0.1034488454000000 -0.0388814942100000
0.0704219620666667 0.1034488454000000 -0.0351314942100000
0.0704219620666667 0.1034488454000000 -0.0313814942100000
0.0704219620666667 0.1034488454000000 -0.0276314942100000
0.0704219620666667 0.1034488454000000 -0.0238814942100000
0.0704219620666667 0.1034488454000000 -0.0201314942100000
0.0704219620666667 0.1034488454000000 -0.0163814942100000
0.0704219620666667 0.1034488454000000 -0.0126314942100000
0.0704219620666667 0.1034488454000000 -0.0088814942100000
0.0704219620666667 0.1034488454000000 -0.0051314942100000
0.0704219620666667 0.1034488454000000 -0.0013814942100000
0.0704219620666667 0.1034488454000000 0.0023685057900000
0.0704219620666667 0.1034488454000000 0.0061185057900000
0.0704219620666667 0.1034488454000000 0.0098685057900000
0.0704219620666667 0.1034488454000000 0.0136185057900000
0.0704219620666667 0.1034488454000000 0.0173685057900000
0.0704219620666667 0.1034488454000000 0.0211185057900000
0.0704219620666667 0.1034488454000000 0.0248685057900000
0.0704219620666667 0.1034488454000000 0.0286185057900000
0.0704219620666667 0.1034488454000000 0.0323685057900000
0.0704748791500000 0.1034488454000000 -0.0576314942100000
0.0704748791500000 0.1034488454000000 -0.0538814942100000
0.0704748791500000 0.1034488454000000 -0.0501314942100000
0.0704748791500000 0.1034488454000000 -0.0463814942100000
0.0704748791500000 0.1034488454000000 -0.0426314942100000
0.0704748791500000 0.1034488454000000 -0.0388814942100000
0.0704748791500000 0.1034488454000000 -0.0351314942100000
0.0704748791500000 0.1034488454000000 -0.0313814942100000
0.0704748791500000 0.1034488454000000 -0.0276314942100000
0.0704748791500000 0.1034488454000000 -0.0238814942100000
0.0704748791500000 0.1034488454000000 -0.0201314942100000
0.0704748791500000 0.1034488454000000 -0.0163814942100000
0.0704748791500000 0.1034488454000000 -0.0126314942100000
0.0704748791500000 0.1034488454000000 -0.0088814942100000
0.0704748791500000 0.1034488454000000 -0.0051314942100000
0.0704748791500000 0.1034488454000000 -0.0013814942100000
0.0704748791500000 0.1034488454000000 0.0023685057900000
0.0704748791500000 0.1034488454000000 0.0061185057900000
0.0704748791500000 0.1034488454000000 0.0098685057900000
0.0704748791500000 0.1034488454000000 0.0136185057900000
0.0704748791500000 0.1034488454000000 0.0173685057900000
0.0704748791500000 0.1034488454000000 0.0211185057900000
0.0704748791500000 0.1034488454000000 0.0248685057900000
0.0704748791500000 0.1034488454000000 0.0286185057900000
0.0704748791500000 0.1034488454000000 0.0323685057900000
0.0705277962333333 0.1034488454000000 -0.0576314942100000
0.0705277962333333 0.1034488454000000 -0.0538814942100000
0.0705277962333333 0.1034488454000000 -0.0501314942100000
0.0705277962333333 0.1034488454000000 -0.0463814942100000
0.0705277962333333 0.1034488454000000 -0.0426314942100000
0.0705277962333333 0.1034488454000000 -0.0388814942100000
0.0705277962333333 0.1034488454000000 -0.0351314942100000
0.0705277962333333 0.1034488454000000 -0.0313814942100000
0.0705277962333333 0.1034488454000000 -0.0276314942100000
0.0705277962333333 0.1034488454000000 -0.0238814942100000
0.0705277962333333 0.1034488454000000 -0.0201314942100000
0.0705277962333333 0.1034488454000000 -0.0163814942100000
0.0705277962333333 0.1034488454000000 -0.0126314942100000
0.0705277962333333 0.1034488454000000 -0.0088814942100000
0.0705277962333333 0.1034488454000000 -0.0051314942100000
0.0705277962333333 0.1034488454000000 -0.0013814942100000
0.0705277962333333 0.1034488454000000 0.0023685057900000
0.0705277962333333 0.1034488454000000 0.0061185057900000
0.0705277962333333 0.1034488454000000 0.0098685057900000
0.0705277962333333 0.1034488454000000 0.0136185057900000
0.0705277962333333 0.1034488454000000 0.0173685057900000
0.0705277962333333 0.1034488454000000 0.0211185057900000
0.0705277962333333 0.1034488454000000 0.0248685057900000
0.0705277962333333 0.1034488454000000 0.0286185057900000
0.0705277962333333 0.1034488454000000 0.0323685057900000
0.0705807133166667 0.1034488454000000 -0.0576314942100000
0.0705807133166667 0.1034488454000000 -0.0538814942100000
0.0705807133166667 0.1034488454000000 -0.0501314942100000
0.0705807133166667 0.1034488454000000 -0.0463814942100000
0.0705807133166667 0.1034488454000000 -0.0426314942100000
0.0705807133166667 0.1034488454000000 -0.0388814942100000
0.0705807133166667 0.1034488454000000 -0.0351314942100000
0.0705807133166667 0.1034488454000000 -0.0313814942100000
0.0705807133166667 0.1034488454000000 -0.0276314942100000
0.0705807133166667 0.1034488454000000 -0.0238814942100000
0.0705807133166667 0.1034488454000000 -0.0201314942100000
0.0705807133166667 0.1034488454000000 -0.0163814942100000
0.0705807133166667 0.1034488454000000 -0.0126314942100000
0.0705807133166667 0.1034488454000000 -0.0088814942100000
0.0705807133166667 0.1034488454000000 -0.0051314942100000
0.0705807133166667 0.1034488454000000 -0.0013814942100000
0.0705807133166667 0.1034488454000000 0.0023685057900000
0.0705807133166667 0.1034488454000000 0.0061185057900000
0.0705807133166667 0.1034488454000000 0.0098685057900000
0.0705807133166667 0.1034488454000000 0.0136185057900000
0.0705807133166667 0.1034488454000000 0.0173685057900000
0.0705807133166667 0.1034488454000000 0.0211185057900000
0.0705807133166667 0.1034488454000000 0.0248685057900000
0.0705807133166667 0.1034488454000000 0.0286185057900000
0.0705807133166667 0.1034488454000000 0.0323685057900000
0.0706336304000000 0.1034488454000000 -0.0576314942100000
0.0706336304000000 0.1034488454000000 -0.0538814942100000
0.0706336304000000 0.1034488454000000 -0.0501314942100000
0.0706336304000000 0.1034488454000000 -0.0463814942100000
0.0706336304000000 0.1034488454000000 -0.0426314942100000
0.0706336304000000 0.1034488454000000 -0.0388814942100000
0.0706336304000000 0.1034488454000000 -0.0351314942100000
0.0706336304000000 0.1034488454000000 -0.0313814942100000
0.0706336304000000 0.1034488454000000 -0.0276314942100000
0.0706336304000000 0.1034488454000000 -0.0238814942100000
0.0706336304000000 0.1034488454000000 -0.0201314942100000
0.0706336304000000 0.1034488454000000 -0.0163814942100000
0.0706336304000000 0.1034488454000000 -0.0126314942100000
0.0706336304000000 0.1034488454000000 -0.0088814942100000
0.0706336304000000 0.1034488454000000 -0.0051314942100000
0.0706336304000000 0.1034488454000000 -0.0013814942100000
0.0706336304000000 0.1034488454000000 0.0023685057900000
0.0706336304000000 0.1034488454000000 0.0061185057900000
0.0706336304000000 0.1034488454000000 0.0098685057900000
0.0706336304000000 0.1034488454000000 0.0136185057900000
0.0706336304000000 0.1034488454000000 0.0173685057900000
0.0706336304000000 0.1034488454000000 0.0211185057900000
0.0706336304000000 0.1034488454000000 0.0248685057900000
0.0706336304000000 0.1034488454000000 0.0286185057900000
0.0706336304000000 0.1034488454000000 0.0323685057900000
0.0706865474833333 0.1034488454000000 -0.0576314942100000
0.0706865474833333 0.1034488454000000 -0.0538814942100000
0.0706865474833333 0.1034488454000000 -0.0501314942100000
0.0706865474833333 0.1034488454000000 -0.0463814942100000
0.0706865474833333 0.1034488454000000 -0.0426314942100000
0.0706865474833333 0.1034488454000000 -0.0388814942100000
0.0706865474833333 0.1034488454000000 -0.0351314942100000
0.0706865474833333 0.1034488454000000 -0.0313814942100000
0.0706865474833333 0.1034488454000000 -0.0276314942100000
0.0706865474833333 0.1034488454000000 -0.0238814942100000
0.0706865474833333 0.1034488454000000 -0.0201314942100000
0.0706865474833333 0.1034488454000000 -0.0163814942100000
0.0706865474833333 0.1034488454000000 -0.0126314942100000
0.0706865474833333 0.1034488454000000 -0.0088814942100000
0.0706865474833333 0.1034488454000000 -0.0051314942100000
0.0706865474833333 0.1034488454000000 -0.0013814942100000
0.0706865474833333 0.1034488454000000 0.0023685057900000
0.0706865474833333 0.1034488454000000 0.0061185057900000
0.0706865474833333 0.1034488454000000 0.0098685057900000
0.0706865474833333 0.1034488454000000 0.0136185057900000
0.0706865474833333 0.1034488454000000 0.0173685057900000
0.0706865474833333 0.1034488454000000 0.0211185057900000
0.0706865474833333 0.1034488454000000 0.0248685057900000
0.0706865474833333 0.1034488454000000 0.0286185057900000
0.0706865474833333 0.1034488454000000 0.0323685057900000
0.0707394645666667 0.1034488454000000 -0.0576314942100000
0.0707394645666667 0.1034488454000000 -0.0538814942100000
0.0707394645666667 0.1034488454000000 -0.0501314942100000
0.0707394645666667 0.1034488454000000 -0.0463814942100000
0.0707394645666667 0.1034488454000000 -0.0426314942100000
0.0707394645666667 0.1034488454000000 -0.0388814942100000
0.0707394645666667 0.1034488454000000 -0.0351314942100000
0.0707394645666667 0.1034488454000000 -0.0313814942100000
0.0707394645666667 0.1034488454000000 -0.0276314942100000
0.0707394645666667 0.1034488454000000 -0.0238814942100000
0.0707394645666667 0.1034488454000000 -0.0201314942100000
0.0707394645666667 0.1034488454000000 -0.0163814942100000
0.0707394645666667 0.1034488454000000 -0.0126314942100000
0.0707394645666667 0.1034488454000000 -0.0088814942100000
0.0707394645666667 0.1034488454000000 -0.0051314942100000
0.0707394645666667 0.1034488454000000 -0.0013814942100000
0.0707394645666667 0.1034488454000000 0.0023685057900000
0.0707394645666667 0.1034488454000000 0.0061185057900000
0.0707394645666667 0.1034488454000000 0.0098685057900000
0.0707394645666667 0.1034488454000000 0.0136185057900000
0.0707394645666667 0.1034488454000000 0.0173685057900000
0.0707394645666667 0.1034488454000000 0.0211185057900000
0.0707394645666667 0.1034488454000000 0.0248685057900000
0.0707394645666667 0.1034488454000000 0.0286185057900000
0.0707394645666667 0.1034488454000000 0.0323685057900000
0.0707923816500000 0.1034488454000000 -0.0576314942100000
0.0707923816500000 0.1034488454000000 -0.0538814942100000
0.0707923816500000 0.1034488454000000 -0.0501314942100000
0.0707923816500000 0.1034488454000000 -0.0463814942100000
0.0707923816500000 0.1034488454000000 -0.0426314942100000
0.0707923816500000 0.1034488454000000 -0.0388814942100000
0.0707923816500000 0.1034488454000000 -0.0351314942100000
0.0707923816500000 0.1034488454000000 -0.0313814942100000
0.0707923816500000 0.1034488454000000 -0.0276314942100000
0.0707923816500000 0.1034488454000000 -0.0238814942100000
0.0707923816500000 0.1034488454000000 -0.0201314942100000
0.0707923816500000 0.1034488454000000 -0.0163814942100000
0.0707923816500000 0.1034488454000000 -0.0126314942100000
0.0707923816500000 0.1034488454000000 -0.0088814942100000
0.0707923816500000 0.1034488454000000 -0.0051314942100000
0.0707923816500000 0.1034488454000000 -0.0013814942100000
0.0707923816500000 0.1034488454000000 0.0023685057900000
0.0707923816500000 0.1034488454000000 0.0061185057900000
0.0707923816500000 0.1034488454000000 0.0098685057900000
0.0707923816500000 0.1034488454000000 0.0136185057900000
0.0707923816500000 0.1034488454000000 0.0173685057900000
0.0707923816500000 0.1034488454000000 0.0211185057900000
0.0707923816500000 0.1034488454000000 0.0248685057900000
0.0707923816500000 0.1034488454000000 0.0286185057900000
0.0707923816500000 0.1034488454000000 0.0323685057900000
0.0708452987333333 0.1034488454000000 -0.0576314942100000
0.0708452987333333 0.1034488454000000 -0.0538814942100000
0.0708452987333333 0.1034488454000000 -0.0501314942100000
0.0708452987333333 0.1034488454000000 -0.0463814942100000
0.0708452987333333 0.1034488454000000 -0.0426314942100000
0.0708452987333333 0.1034488454000000 -0.0388814942100000
0.0708452987333333 0.1034488454000000 -0.0351314942100000
0.0708452987333333 0.1034488454000000 -0.0313814942100000
0.0708452987333333 0.1034488454000000 -0.0276314942100000
0.0708452987333333 0.1034488454000000 -0.0238814942100000
0.0708452987333333 0.1034488454000000 -0.0201314942100000
0.0708452987333333 0.1034488454000000 -0.0163814942100000
0.0708452987333333 0.1034488454000000 -0.0126314942100000
0.0708452987333333 0.1034488454000000 -0.0088814942100000
0.0708452987333333 0.1034488454000000 -0.0051314942100000
0.0708452987333333 0.1034488454000000 -0.0013814942100000
0.0708452987333333 0.1034488454000000 0.0023685057900000
0.0708452987333333 0.1034488454000000 0.0061185057900000
0.0708452987333333 0.1034488454000000 0.0098685057900000
0.0708452987333333 0.1034488454000000 0.0136185057900000
0.0708452987333333 0.1034488454000000 0.0173685057900000
0.0708452987333333 0.1034488454000000 0.0211185057900000
0.0708452987333333 0.1034488454000000 0.0248685057900000
0.0708452987333333 0.1034488454000000 0.0286185057900000
0.0708452987333333 0.1034488454000000 0.0323685057900000
0.0708982158166667 0.1034488454000000 -0.0576314942100000
0.0708982158166667 0.1034488454000000 -0.0538814942100000
0.0708982158166667 0.1034488454000000 -0.0501314942100000
0.0708982158166667 0.1034488454000000 -0.0463814942100000
0.0708982158166667 0.1034488454000000 -0.0426314942100000
0.0708982158166667 0.1034488454000000 -0.0388814942100000
0.0708982158166667 0.1034488454000000 -0.0351314942100000
0.0708982158166667 0.1034488454000000 -0.0313814942100000
0.0708982158166667 0.1034488454000000 -0.0276314942100000
0.0708982158166667 0.1034488454000000 -0.0238814942100000
0.0708982158166667 0.1034488454000000 -0.0201314942100000
0.0708982158166667 0.1034488454000000 -0.0163814942100000
0.0708982158166667 0.1034488454000000 -0.0126314942100000
0.0708982158166667 0.1034488454000000 -0.0088814942100000
0.0708982158166667 0.1034488454000000 -0.0051314942100000
0.0708982158166667 0.1034488454000000 -0.0013814942100000
0.0708982158166667 0.1034488454000000 0.0023685057900000
0.0708982158166667 0.1034488454000000 0.0061185057900000
0.0708982158166667 0.1034488454000000 0.0098685057900000
0.0708982158166667 0.1034488454000000 0.0136185057900000
0.0708982158166667 0.1034488454000000 0.0173685057900000
0.0708982158166667 0.1034488454000000 0.0211185057900000
0.0708982158166667 0.1034488454000000 0.0248685057900000
0.0708982158166667 0.1034488454000000 0.0286185057900000
0.0708982158166667 0.1034488454000000 0.0323685057900000
0.0709511329000000 0.1034488454000000 -0.0576314942100000
0.0709511329000000 0.1034488454000000 -0.0538814942100000
0.0709511329000000 0.1034488454000000 -0.0501314942100000
0.0709511329000000 0.1034488454000000 -0.0463814942100000
0.0709511329000000 0.1034488454000000 -0.0426314942100000
0.0709511329000000 0.1034488454000000 -0.0388814942100000
0.0709511329000000 0.1034488454000000 -0.0351314942100000
0.0709511329000000 0.1034488454000000 -0.0313814942100000
0.0709511329000000 0.1034488454000000 -0.0276314942100000
0.0709511329000000 0.1034488454000000 -0.0238814942100000
0.0709511329000000 0.1034488454000000 -0.0201314942100000
0.0709511329000000 0.1034488454000000 -0.0163814942100000
0.0709511329000000 0.1034488454000000 -0.0126314942100000
0.0709511329000000 0.1034488454000000 -0.0088814942100000
0.0709511329000000 0.1034488454000000 -0.0051314942100000
0.0709511329000000 0.1034488454000000 -0.0013814942100000
0.0709511329000000 0.1034488454000000 0.0023685057900000
0.0709511329000000 0.1034488454000000 0.0061185057900000
0.0709511329000000 0.1034488454000000 0.0098685057900000
0.0709511329000000 0.1034488454000000 0.0136185057900000
0.0709511329000000 0.1034488454000000 0.0173685057900000
0.0709511329000000 0.1034488454000000 0.0211185057900000
0.0709511329000000 0.1034488454000000 0.0248685057900000
0.0709511329000000 0.1034488454000000 0.0286185057900000
0.0709511329000000 0.1034488454000000 0.0323685057900000
0.0710040499833333 0.1034488454000000 -0.0576314942100000
0.0710040499833333 0.1034488454000000 -0.0538814942100000
0.0710040499833333 0.1034488454000000 -0.0501314942100000
0.0710040499833333 0.1034488454000000 -0.0463814942100000
0.0710040499833333 0.1034488454000000 -0.0426314942100000
0.0710040499833333 0.1034488454000000 -0.0388814942100000
0.0710040499833333 0.1034488454000000 -0.0351314942100000
0.0710040499833333 0.1034488454000000 -0.0313814942100000
0.0710040499833333 0.1034488454000000 -0.0276314942100000
0.0710040499833333 0.1034488454000000 -0.0238814942100000
0.0710040499833333 0.1034488454000000 -0.0201314942100000
0.0710040499833333 0.1034488454000000 -0.0163814942100000
0.0710040499833333 0.1034488454000000 -0.0126314942100000
0.0710040499833333 0.1034488454000000 -0.0088814942100000
0.0710040499833333 0.1034488454000000 -0.0051314942100000
0.0710040499833333 0.1034488454000000 -0.0013814942100000
0.0710040499833333 0.1034488454000000 0.0023685057900000
0.0710040499833333 0.1034488454000000 0.0061185057900000
0.0710040499833333 0.1034488454000000 0.0098685057900000
0.0710040499833333 0.1034488454000000 0.0136185057900000
0.0710040499833333 0.1034488454000000 0.0173685057900000
0.0710040499833333 0.1034488454000000 0.0211185057900000
0.0710040499833333 0.1034488454000000 0.0248685057900000
0.0710040499833333 0.1034488454000000 0.0286185057900000
0.0710040499833333 0.1034488454000000 0.0323685057900000
0.0710569670666667 0.1034488454000000 -0.0576314942100000
0.0710569670666667 0.1034488454000000 -0.0538814942100000
0.0710569670666667 0.1034488454000000 -0.0501314942100000
0.0710569670666667 0.1034488454000000 -0.0463814942100000
0.0710569670666667 0.1034488454000000 -0.0426314942100000
0.0710569670666667 0.1034488454000000 -0.0388814942100000
0.0710569670666667 0.1034488454000000 -0.0351314942100000
0.0710569670666667 0.1034488454000000 -0.0313814942100000
0.0710569670666667 0.1034488454000000 -0.0276314942100000
0.0710569670666667 0.1034488454000000 -0.0238814942100000
0.0710569670666667 0.1034488454000000 -0.0201314942100000
0.0710569670666667 0.1034488454000000 -0.0163814942100000
0.0710569670666667 0.1034488454000000 -0.0126314942100000
0.0710569670666667 0.1034488454000000 -0.0088814942100000
0.0710569670666667 0.1034488454000000 -0.0051314942100000
0.0710569670666667 0.1034488454000000 -0.0013814942100000
0.0710569670666667 0.1034488454000000 0.0023685057900000
0.0710569670666667 0.1034488454000000 0.0061185057900000
0.0710569670666667 0.1034488454000000 0.0098685057900000
0.0710569670666667 0.1034488454000000 0.0136185057900000
0.0710569670666667 0.1034488454000000 0.0173685057900000
0.0710569670666667 0.1034488454000000 0.0211185057900000
0.0710569670666667 0.1034488454000000 0.0248685057900000
0.0710569670666667 0.1034488454000000 0.0286185057900000
0.0710569670666667 0.1034488454000000 0.0323685057900000
0.0711098841500000 0.1034488454000000 -0.0576314942100000
0.0711098841500000 0.1034488454000000 -0.0538814942100000
0.0711098841500000 0.1034488454000000 -0.0501314942100000
0.0711098841500000 0.1034488454000000 -0.0463814942100000
0.0711098841500000 0.1034488454000000 -0.0426314942100000
0.0711098841500000 0.1034488454000000 -0.0388814942100000
0.0711098841500000 0.1034488454000000 -0.0351314942100000
0.0711098841500000 0.1034488454000000 -0.0313814942100000
0.0711098841500000 0.1034488454000000 -0.0276314942100000
0.0711098841500000 0.1034488454000000 -0.0238814942100000
0.0711098841500000 0.1034488454000000 -0.0201314942100000
0.0711098841500000 0.1034488454000000 -0.0163814942100000
0.0711098841500000 0.1034488454000000 -0.0126314942100000
0.0711098841500000 0.1034488454000000 -0.0088814942100000
0.0711098841500000 0.1034488454000000 -0.0051314942100000
0.0711098841500000 0.1034488454000000 -0.0013814942100000
0.0711098841500000 0.1034488454000000 0.0023685057900000
0.0711098841500000 0.1034488454000000 0.0061185057900000
0.0711098841500000 0.1034488454000000 0.0098685057900000
0.0711098841500000 0.1034488454000000 0.0136185057900000
0.0711098841500000 0.1034488454000000 0.0173685057900000
0.0711098841500000 0.1034488454000000 0.0211185057900000
0.0711098841500000 0.1034488454000000 0.0248685057900000
0.0711098841500000 0.1034488454000000 0.0286185057900000
0.0711098841500000 0.1034488454000000 0.0323685057900000
0.0711628012333333 0.1034488454000000 -0.0576314942100000
0.0711628012333333 0.1034488454000000 -0.0538814942100000
0.0711628012333333 0.1034488454000000 -0.0501314942100000
0.0711628012333333 0.1034488454000000 -0.0463814942100000
0.0711628012333333 0.1034488454000000 -0.0426314942100000
0.0711628012333333 0.1034488454000000 -0.0388814942100000
0.0711628012333333 0.1034488454000000 -0.0351314942100000
0.0711628012333333 0.1034488454000000 -0.0313814942100000
0.0711628012333333 0.1034488454000000 -0.0276314942100000
0.0711628012333333 0.1034488454000000 -0.0238814942100000
0.0711628012333333 0.1034488454000000 -0.0201314942100000
0.0711628012333333 0.1034488454000000 -0.0163814942100000
0.0711628012333333 0.1034488454000000 -0.0126314942100000
0.0711628012333333 0.1034488454000000 -0.0088814942100000
0.0711628012333333 0.1034488454000000 -0.0051314942100000
0.0711628012333333 0.1034488454000000 -0.0013814942100000
0.0711628012333333 0.1034488454000000 0.0023685057900000
0.0711628012333333 0.1034488454000000 0.0061185057900000
0.0711628012333333 0.1034488454000000 0.0098685057900000
0.0711628012333333 0.1034488454000000 0.0136185057900000
0.0711628012333333 0.1034488454000000 0.0173685057900000
0.0711628012333333 0.1034488454000000 0.0211185057900000
0.0711628012333333 0.1034488454000000 0.0248685057900000
0.0711628012333333 0.1034488454000000 0.0286185057900000
0.0711628012333333 0.1034488454000000 0.0323685057900000
0.0712157183166667 0.1034488454000000 -0.0576314942100000
0.0712157183166667 0.1034488454000000 -0.0538814942100000
0.0712157183166667 0.1034488454000000 -0.0501314942100000
0.0712157183166667 0.1034488454000000 -0.0463814942100000
0.0712157183166667 0.1034488454000000 -0.0426314942100000
0.0712157183166667 0.1034488454000000 -0.0388814942100000
0.0712157183166667 0.1034488454000000 -0.0351314942100000
0.0712157183166667 0.1034488454000000 -0.0313814942100000
0.0712157183166667 0.1034488454000000 -0.0276314942100000
0.0712157183166667 0.1034488454000000 -0.0238814942100000
0.0712157183166667 0.1034488454000000 -0.0201314942100000
0.0712157183166667 0.1034488454000000 -0.0163814942100000
0.0712157183166667 0.1034488454000000 -0.0126314942100000
0.0712157183166667 0.1034488454000000 -0.0088814942100000
0.0712157183166667 0.1034488454000000 -0.0051314942100000
0.0712157183166667 0.1034488454000000 -0.0013814942100000
0.0712157183166667 0.1034488454000000 0.0023685057900000
0.0712157183166667 0.1034488454000000 0.0061185057900000
0.0712157183166667 0.1034488454000000 0.0098685057900000
0.0712157183166667 0.1034488454000000 0.0136185057900000
0.0712157183166667 0.1034488454000000 0.0173685057900000
0.0712157183166667 0.1034488454000000 0.0211185057900000
0.0712157183166667 0.1034488454000000 0.0248685057900000
0.0712157183166667 0.1034488454000000 0.0286185057900000
0.0712157183166667 0.1034488454000000 0.0323685057900000
0.0712686354000000 0.1034488454000000 -0.0576314942100000
0.0712686354000000 0.1034488454000000 -0.0538814942100000
0.0712686354000000 0.1034488454000000 -0.0501314942100000
0.0712686354000000 0.1034488454000000 -0.0463814942100000
0.0712686354000000 0.1034488454000000 -0.0426314942100000
0.0712686354000000 0.1034488454000000 -0.0388814942100000
0.0712686354000000 0.1034488454000000 -0.0351314942100000
0.0712686354000000 0.1034488454000000 -0.0313814942100000
0.0712686354000000 0.1034488454000000 -0.0276314942100000
0.0712686354000000 0.1034488454000000 -0.0238814942100000
0.0712686354000000 0.1034488454000000 -0.0201314942100000
0.0712686354000000 0.1034488454000000 -0.0163814942100000
0.0712686354000000 0.1034488454000000 -0.0126314942100000
0.0712686354000000 0.1034488454000000 -0.0088814942100000
0.0712686354000000 0.1034488454000000 -0.0051314942100000
0.0712686354000000 0.1034488454000000 -0.0013814942100000
0.0712686354000000 0.1034488454000000 0.0023685057900000
0.0712686354000000 0.1034488454000000 0.0061185057900000
0.0712686354000000 0.1034488454000000 0.0098685057900000
0.0712686354000000 0.1034488454000000 0.0136185057900000
0.0712686354000000 0.1034488454000000 0.0173685057900000
0.0712686354000000 0.1034488454000000 0.0211185057900000
0.0712686354000000 0.1034488454000000 0.0248685057900000
0.0712686354000000 0.1034488454000000 0.0286185057900000
0.0712686354000000 0.1034488454000000 0.0323685057900000
0.0713215524833333 0.1034488454000000 -0.0576314942100000
0.0713215524833333 0.1034488454000000 -0.0538814942100000
0.0713215524833333 0.1034488454000000 -0.0501314942100000
0.0713215524833333 0.1034488454000000 -0.0463814942100000
0.0713215524833333 0.1034488454000000 -0.0426314942100000
0.0713215524833333 0.1034488454000000 -0.0388814942100000
0.0713215524833333 0.1034488454000000 -0.0351314942100000
0.0713215524833333 0.1034488454000000 -0.0313814942100000
0.0713215524833333 0.1034488454000000 -0.0276314942100000
0.0713215524833333 0.1034488454000000 -0.0238814942100000
0.0713215524833333 0.1034488454000000 -0.0201314942100000
0.0713215524833333 0.1034488454000000 -0.0163814942100000
0.0713215524833333 0.1034488454000000 -0.0126314942100000
0.0713215524833333 0.1034488454000000 -0.0088814942100000
0.0713215524833333 0.1034488454000000 -0.0051314942100000
0.0713215524833333 0.1034488454000000 -0.0013814942100000
0.0713215524833333 0.1034488454000000 0.0023685057900000
0.0713215524833333 0.1034488454000000 0.0061185057900000
0.0713215524833333 0.1034488454000000 0.0098685057900000
0.0713215524833333 0.1034488454000000 0.0136185057900000
0.0713215524833333 0.1034488454000000 0.0173685057900000
0.0713215524833333 0.1034488454000000 0.0211185057900000
0.0713215524833333 0.1034488454000000 0.0248685057900000
0.0713215524833333 0.1034488454000000 0.0286185057900000
0.0713215524833333 0.1034488454000000 0.0323685057900000
0.0713744695666667 0.1034488454000000 -0.0576314942100000
0.0713744695666667 0.1034488454000000 -0.0538814942100000
0.0713744695666667 0.1034488454000000 -0.0501314942100000
0.0713744695666667 0.1034488454000000 -0.0463814942100000
0.0713744695666667 0.1034488454000000 -0.0426314942100000
0.0713744695666667 0.1034488454000000 -0.0388814942100000
0.0713744695666667 0.1034488454000000 -0.0351314942100000
0.0713744695666667 0.1034488454000000 -0.0313814942100000
0.0713744695666667 0.1034488454000000 -0.0276314942100000
0.0713744695666667 0.1034488454000000 -0.0238814942100000
0.0713744695666667 0.1034488454000000 -0.0201314942100000
0.0713744695666667 0.1034488454000000 -0.0163814942100000
0.0713744695666667 0.1034488454000000 -0.0126314942100000
0.0713744695666667 0.1034488454000000 -0.0088814942100000
0.0713744695666667 0.1034488454000000 -0.0051314942100000
0.0713744695666667 0.1034488454000000 -0.0013814942100000
0.0713744695666667 0.1034488454000000 0.0023685057900000
0.0713744695666667 0.1034488454000000 0.0061185057900000
0.0713744695666667 0.1034488454000000 0.0098685057900000
0.0713744695666667 0.1034488454000000 0.0136185057900000
0.0713744695666667 0.1034488454000000 0.0173685057900000
0.0713744695666667 0.1034488454000000 0.0211185057900000
0.0713744695666667 0.1034488454000000 0.0248685057900000
0.0713744695666667 0.1034488454000000 0.0286185057900000
0.0713744695666667 0.1034488454000000 0.0323685057900000
0.0714273866500000 0.1034488454000000 -0.0576314942100000
0.0714273866500000 0.1034488454000000 -0.0538814942100000
0.0714273866500000 0.1034488454000000 -0.0501314942100000
0.0714273866500000 0.1034488454000000 -0.0463814942100000
0.0714273866500000 0.1034488454000000 -0.0426314942100000
0.0714273866500000 0.1034488454000000 -0.0388814942100000
0.0714273866500000 0.1034488454000000 -0.0351314942100000
0.0714273866500000 0.1034488454000000 -0.0313814942100000
0.0714273866500000 0.1034488454000000 -0.0276314942100000
0.0714273866500000 0.1034488454000000 -0.0238814942100000
0.0714273866500000 0.1034488454000000 -0.0201314942100000
0.0714273866500000 0.1034488454000000 -0.0163814942100000
0.0714273866500000 0.1034488454000000 -0.0126314942100000
0.0714273866500000 0.1034488454000000 -0.0088814942100000
0.0714273866500000 0.1034488454000000 -0.0051314942100000
0.0714273866500000 0.1034488454000000 -0.0013814942100000
0.0714273866500000 0.1034488454000000 0.0023685057900000
0.0714273866500000 0.1034488454000000 0.0061185057900000
0.0714273866500000 0.1034488454000000 0.0098685057900000
0.0714273866500000 0.1034488454000000 0.0136185057900000
0.0714273866500000 0.1034488454000000 0.0173685057900000
0.0714273866500000 0.1034488454000000 0.0211185057900000
0.0714273866500000 0.1034488454000000 0.0248685057900000
0.0714273866500000 0.1034488454000000 0.0286185057900000
0.0714273866500000 0.1034488454000000 0.0323685057900000
0.0714803037333333 0.1034488454000000 -0.0576314942100000
0.0714803037333333 0.1034488454000000 -0.0538814942100000
0.0714803037333333 0.1034488454000000 -0.0501314942100000
0.0714803037333333 0.1034488454000000 -0.0463814942100000
0.0714803037333333 0.1034488454000000 -0.0426314942100000
0.0714803037333333 0.1034488454000000 -0.0388814942100000
0.0714803037333333 0.1034488454000000 -0.0351314942100000
0.0714803037333333 0.1034488454000000 -0.0313814942100000
0.0714803037333333 0.1034488454000000 -0.0276314942100000
0.0714803037333333 0.1034488454000000 -0.0238814942100000
0.0714803037333333 0.1034488454000000 -0.0201314942100000
0.0714803037333333 0.1034488454000000 -0.0163814942100000
0.0714803037333333 0.1034488454000000 -0.0126314942100000
0.0714803037333333 0.1034488454000000 -0.0088814942100000
0.0714803037333333 0.1034488454000000 -0.0051314942100000
0.0714803037333333 0.1034488454000000 -0.0013814942100000
0.0714803037333333 0.1034488454000000 0.0023685057900000
0.0714803037333333 0.1034488454000000 0.0061185057900000
0.0714803037333333 0.1034488454000000 0.0098685057900000
0.0714803037333333 0.1034488454000000 0.0136185057900000
0.0714803037333333 0.1034488454000000 0.0173685057900000
0.0714803037333333 0.1034488454000000 0.0211185057900000
0.0714803037333333 0.1034488454000000 0.0248685057900000
0.0714803037333333 0.1034488454000000 0.0286185057900000
0.0714803037333333 0.1034488454000000 0.0323685057900000
0.0715332208166667 0.1034488454000000 -0.0576314942100000
0.0715332208166667 0.1034488454000000 -0.0538814942100000
0.0715332208166667 0.1034488454000000 -0.0501314942100000
0.0715332208166667 0.1034488454000000 -0.0463814942100000
0.0715332208166667 0.1034488454000000 -0.0426314942100000
0.0715332208166667 0.1034488454000000 -0.0388814942100000
0.0715332208166667 0.1034488454000000 -0.0351314942100000
0.0715332208166667 0.1034488454000000 -0.0313814942100000
0.0715332208166667 0.1034488454000000 -0.0276314942100000
0.0715332208166667 0.1034488454000000 -0.0238814942100000
0.0715332208166667 0.1034488454000000 -0.0201314942100000
0.0715332208166667 0.1034488454000000 -0.0163814942100000
0.0715332208166667 0.1034488454000000 -0.0126314942100000
0.0715332208166667 0.1034488454000000 -0.0088814942100000
0.0715332208166667 0.1034488454000000 -0.0051314942100000
0.0715332208166667 0.1034488454000000 -0.0013814942100000
0.0715332208166667 0.1034488454000000 0.0023685057900000
0.0715332208166667 0.1034488454000000 0.0061185057900000
0.0715332208166667 0.1034488454000000 0.0098685057900000
0.0715332208166667 0.1034488454000000 0.0136185057900000
0.0715332208166667 0.1034488454000000 0.0173685057900000
0.0715332208166667 0.1034488454000000 0.0211185057900000
0.0715332208166667 0.1034488454000000 0.0248685057900000
0.0715332208166667 0.1034488454000000 0.0286185057900000
0.0715332208166667 0.1034488454000000 0.0323685057900000
0.0715861379000000 0.1034488454000000 -0.0576314942100000
0.0715861379000000 0.1034488454000000 -0.0538814942100000
0.0715861379000000 0.1034488454000000 -0.0501314942100000
0.0715861379000000 0.1034488454000000 -0.0463814942100000
0.0715861379000000 0.1034488454000000 -0.0426314942100000
0.0715861379000000 0.1034488454000000 -0.0388814942100000
0.0715861379000000 0.1034488454000000 -0.0351314942100000
0.0715861379000000 0.1034488454000000 -0.0313814942100000
0.0715861379000000 0.1034488454000000 -0.0276314942100000
0.0715861379000000 0.1034488454000000 -0.0238814942100000
0.0715861379000000 0.1034488454000000 -0.0201314942100000
0.0715861379000000 0.1034488454000000 -0.0163814942100000
0.0715861379000000 0.1034488454000000 -0.0126314942100000
0.0715861379000000 0.1034488454000000 -0.0088814942100000
0.0715861379000000 0.1034488454000000 -0.0051314942100000
0.0715861379000000 0.1034488454000000 -0.0013814942100000
0.0715861379000000 0.1034488454000000 0.0023685057900000
0.0715861379000000 0.1034488454000000 0.0061185057900000
0.0715861379000000 0.1034488454000000 0.0098685057900000
0.0715861379000000 0.1034488454000000 0.0136185057900000
0.0715861379000000 0.1034488454000000 0.0173685057900000
0.0715861379000000 0.1034488454000000 0.0211185057900000
0.0715861379000000 0.1034488454000000 0.0248685057900000
0.0715861379000000 0.1034488454000000 0.0286185057900000
0.0715861379000000 0.1034488454000000 0.0323685057900000
