-0.0047625000000000 -0.0322740100300000 -0.0000000000000060
-0.0047625000000000 -0.0322740100300000 0.0000126999999942
-0.0047625000000000 -0.0322740100300000 0.0000253999999945
-0.0047625000000000 -0.0322740100300000 0.0000380999999947
-0.0047625000000000 -0.0322740100300000 0.0000507999999950
-0.0047625000000000 -0.0322740100300000 0.0000634999999952
-0.0047625000000000 -0.0322740100300000 0.0000761999999955
-0.0047625000000000 -0.0322740100300000 0.0000888999999957
-0.0047625000000000 -0.0322740100300000 0.0001015999999960
-0.0047625000000000 -0.0322740100300000 0.0001142999999962
-0.0047625000000000 -0.0322740100300000 0.0001269999999965
-0.0047625000000000 -0.0322740100300000 0.0001396999999967
-0.0047625000000000 -0.0322740100300000 0.0001523999999970
-0.0047625000000000 -0.0322740100300000 0.0001650999999972
-0.0047625000000000 -0.0322740100300000 0.0001777999999975
-0.0047625000000000 -0.0322740100300000 0.0001904999999977
-0.0047625000000000 -0.0322740100300000 0.0002031999999980
-0.0047625000000000 -0.0322740100300000 0.0002158999999982
-0.0047625000000000 -0.0322740100300000 0.0002285999999985
-0.0047625000000000 -0.0322740100300000 0.0002412999999987
-0.0047625000000000 -0.0322740100300000 0.0002539999999990
-0.0047625000000000 -0.0322740100300000 0.0002666999999992
-0.0047625000000000 -0.0322740100300000 0.0002793999999995
-0.0047625000000000 -0.0322740100300000 0.0002920999999997
-0.0047625000000000 -0.0322740100300000 0.0003048000000000
-0.0043656250000000 -0.0322740100300000 -0.0000000000000060
-0.0043656250000000 -0.0322740100300000 0.0000126999999942
-0.0043656250000000 -0.0322740100300000 0.0000253999999945
-0.0043656250000000 -0.0322740100300000 0.0000380999999947
-0.0043656250000000 -0.0322740100300000 0.0000507999999950
-0.0043656250000000 -0.0322740100300000 0.0000634999999952
-0.0043656250000000 -0.0322740100300000 0.0000761999999955
-0.0043656250000000 -0.0322740100300000 0.0000888999999957
-0.0043656250000000 -0.0322740100300000 0.0001015999999960
-0.0043656250000000 -0.0322740100300000 0.0001142999999962
-0.0043656250000000 -0.0322740100300000 0.0001269999999965
-0.0043656250000000 -0.0322740100300000 0.0001396999999967
-0.0043656250000000 -0.0322740100300000 0.0001523999999970
-0.0043656250000000 -0.0322740100300000 0.0001650999999972
-0.0043656250000000 -0.0322740100300000 0.0001777999999975
-0.0043656250000000 -0.0322740100300000 0.0001904999999977
-0.0043656250000000 -0.0322740100300000 0.0002031999999980
-0.0043656250000000 -0.0322740100300000 0.0002158999999982
-0.0043656250000000 -0.0322740100300000 0.0002285999999985
-0.0043656250000000 -0.0322740100300000 0.0002412999999987
-0.0043656250000000 -0.0322740100300000 0.0002539999999990
-0.0043656250000000 -0.0322740100300000 0.0002666999999992
-0.0043656250000000 -0.0322740100300000 0.0002793999999995
-0.0043656250000000 -0.0322740100300000 0.0002920999999997
-0.0043656250000000 -0.0322740100300000 0.0003048000000000
-0.0039687500000000 -0.0322740100300000 -0.0000000000000060
-0.0039687500000000 -0.0322740100300000 0.0000126999999942
-0.0039687500000000 -0.0322740100300000 0.0000253999999945
-0.0039687500000000 -0.0322740100300000 0.0000380999999947
-0.0039687500000000 -0.0322740100300000 0.0000507999999950
-0.0039687500000000 -0.0322740100300000 0.0000634999999952
-0.0039687500000000 -0.0322740100300000 0.0000761999999955
-0.0039687500000000 -0.0322740100300000 0.0000888999999957
-0.0039687500000000 -0.0322740100300000 0.0001015999999960
-0.0039687500000000 -0.0322740100300000 0.0001142999999962
-0.0039687500000000 -0.0322740100300000 0.0001269999999965
-0.0039687500000000 -0.0322740100300000 0.0001396999999967
-0.0039687500000000 -0.0322740100300000 0.0001523999999970
-0.0039687500000000 -0.0322740100300000 0.0001650999999972
-0.0039687500000000 -0.0322740100300000 0.0001777999999975
-0.0039687500000000 -0.0322740100300000 0.0001904999999977
-0.0039687500000000 -0.0322740100300000 0.0002031999999980
-0.0039687500000000 -0.0322740100300000 0.0002158999999982
-0.0039687500000000 -0.0322740100300000 0.0002285999999985
-0.0039687500000000 -0.0322740100300000 0.0002412999999987
-0.0039687500000000 -0.0322740100300000 0.0002539999999990
-0.0039687500000000 -0.0322740100300000 0.0002666999999992
-0.0039687500000000 -0.0322740100300000 0.0002793999999995
-0.0039687500000000 -0.0322740100300000 0.0002920999999997
-0.0039687500000000 -0.0322740100300000 0.0003048000000000
-0.0035718750000000 -0.0322740100300000 -0.0000000000000060
-0.0035718750000000 -0.0322740100300000 0.0000126999999942
-0.0035718750000000 -0.0322740100300000 0.0000253999999945
-0.0035718750000000 -0.0322740100300000 0.0000380999999947
-0.0035718750000000 -0.0322740100300000 0.0000507999999950
-0.0035718750000000 -0.0322740100300000 0.0000634999999952
-0.0035718750000000 -0.0322740100300000 0.0000761999999955
-0.0035718750000000 -0.0322740100300000 0.0000888999999957
-0.0035718750000000 -0.0322740100300000 0.0001015999999960
-0.0035718750000000 -0.0322740100300000 0.0001142999999962
-0.0035718750000000 -0.0322740100300000 0.0001269999999965
-0.0035718750000000 -0.0322740100300000 0.0001396999999967
-0.0035718750000000 -0.0322740100300000 0.0001523999999970
-0.0035718750000000 -0.0322740100300000 0.0001650999999972
-0.0035718750000000 -0.0322740100300000 0.0001777999999975
-0.0035718750000000 -0.0322740100300000 0.0001904999999977
-0.0035718750000000 -0.0322740100300000 0.0002031999999980
-0.0035718750000000 -0.0322740100300000 0.0002158999999982
-0.0035718750000000 -0.0322740100300000 0.0002285999999985
-0.0035718750000000 -0.0322740100300000 0.0002412999999987
-0.0035718750000000 -0.0322740100300000 0.0002539999999990
-0.0035718750000000 -0.0322740100300000 0.0002666999999992
-0.0035718750000000 -0.0322740100300000 0.0002793999999995
-0.0035718750000000 -0.0322740100300000 0.0002920999999997
-0.0035718750000000 -0.0322740100300000 0.0003048000000000
-0.0031750000000000 -0.0322740100300000 -0.0000000000000060
-0.0031750000000000 -0.0322740100300000 0.0000126999999942
-0.0031750000000000 -0.0322740100300000 0.0000253999999945
-0.0031750000000000 -0.0322740100300000 0.0000380999999947
-0.0031750000000000 -0.0322740100300000 0.0000507999999950
-0.0031750000000000 -0.0322740100300000 0.0000634999999952
-0.0031750000000000 -0.0322740100300000 0.0000761999999955
-0.0031750000000000 -0.0322740100300000 0.0000888999999957
-0.0031750000000000 -0.0322740100300000 0.0001015999999960
-0.0031750000000000 -0.0322740100300000 0.0001142999999962
-0.0031750000000000 -0.0322740100300000 0.0001269999999965
-0.0031750000000000 -0.0322740100300000 0.0001396999999967
-0.0031750000000000 -0.0322740100300000 0.0001523999999970
-0.0031750000000000 -0.0322740100300000 0.0001650999999972
-0.0031750000000000 -0.0322740100300000 0.0001777999999975
-0.0031750000000000 -0.0322740100300000 0.0001904999999977
-0.0031750000000000 -0.0322740100300000 0.0002031999999980
-0.0031750000000000 -0.0322740100300000 0.0002158999999982
-0.0031750000000000 -0.0322740100300000 0.0002285999999985
-0.0031750000000000 -0.0322740100300000 0.0002412999999987
-0.0031750000000000 -0.0322740100300000 0.0002539999999990
-0.0031750000000000 -0.0322740100300000 0.0002666999999992
-0.0031750000000000 -0.0322740100300000 0.0002793999999995
-0.0031750000000000 -0.0322740100300000 0.0002920999999997
-0.0031750000000000 -0.0322740100300000 0.0003048000000000
-0.0027781250000000 -0.0322740100300000 -0.0000000000000060
-0.0027781250000000 -0.0322740100300000 0.0000126999999942
-0.0027781250000000 -0.0322740100300000 0.0000253999999945
-0.0027781250000000 -0.0322740100300000 0.0000380999999947
-0.0027781250000000 -0.0322740100300000 0.0000507999999950
-0.0027781250000000 -0.0322740100300000 0.0000634999999952
-0.0027781250000000 -0.0322740100300000 0.0000761999999955
-0.0027781250000000 -0.0322740100300000 0.0000888999999957
-0.0027781250000000 -0.0322740100300000 0.0001015999999960
-0.0027781250000000 -0.0322740100300000 0.0001142999999962
-0.0027781250000000 -0.0322740100300000 0.0001269999999965
-0.0027781250000000 -0.0322740100300000 0.0001396999999967
-0.0027781250000000 -0.0322740100300000 0.0001523999999970
-0.0027781250000000 -0.0322740100300000 0.0001650999999972
-0.0027781250000000 -0.0322740100300000 0.0001777999999975
-0.0027781250000000 -0.0322740100300000 0.0001904999999977
-0.0027781250000000 -0.0322740100300000 0.0002031999999980
-0.0027781250000000 -0.0322740100300000 0.0002158999999982
-0.0027781250000000 -0.0322740100300000 0.0002285999999985
-0.0027781250000000 -0.0322740100300000 0.0002412999999987
-0.0027781250000000 -0.0322740100300000 0.0002539999999990
-0.0027781250000000 -0.0322740100300000 0.0002666999999992
-0.0027781250000000 -0.0322740100300000 0.0002793999999995
-0.0027781250000000 -0.0322740100300000 0.0002920999999997
-0.0027781250000000 -0.0322740100300000 0.0003048000000000
-0.0023812500000000 -0.0322740100300000 -0.0000000000000060
-0.0023812500000000 -0.0322740100300000 0.0000126999999942
-0.0023812500000000 -0.0322740100300000 0.0000253999999945
-0.0023812500000000 -0.0322740100300000 0.0000380999999947
-0.0023812500000000 -0.0322740100300000 0.0000507999999950
-0.0023812500000000 -0.0322740100300000 0.0000634999999952
-0.0023812500000000 -0.0322740100300000 0.0000761999999955
-0.0023812500000000 -0.0322740100300000 0.0000888999999957
-0.0023812500000000 -0.0322740100300000 0.0001015999999960
-0.0023812500000000 -0.0322740100300000 0.0001142999999962
-0.0023812500000000 -0.0322740100300000 0.0001269999999965
-0.0023812500000000 -0.0322740100300000 0.0001396999999967
-0.0023812500000000 -0.0322740100300000 0.0001523999999970
-0.0023812500000000 -0.0322740100300000 0.0001650999999972
-0.0023812500000000 -0.0322740100300000 0.0001777999999975
-0.0023812500000000 -0.0322740100300000 0.0001904999999977
-0.0023812500000000 -0.0322740100300000 0.0002031999999980
-0.0023812500000000 -0.0322740100300000 0.0002158999999982
-0.0023812500000000 -0.0322740100300000 0.0002285999999985
-0.0023812500000000 -0.0322740100300000 0.0002412999999987
-0.0023812500000000 -0.0322740100300000 0.0002539999999990
-0.0023812500000000 -0.0322740100300000 0.0002666999999992
-0.0023812500000000 -0.0322740100300000 0.0002793999999995
-0.0023812500000000 -0.0322740100300000 0.0002920999999997
-0.0023812500000000 -0.0322740100300000 0.0003048000000000
-0.0019843750000000 -0.0322740100300000 -0.0000000000000060
-0.0019843750000000 -0.0322740100300000 0.0000126999999942
-0.0019843750000000 -0.0322740100300000 0.0000253999999945
-0.0019843750000000 -0.0322740100300000 0.0000380999999947
-0.0019843750000000 -0.0322740100300000 0.0000507999999950
-0.0019843750000000 -0.0322740100300000 0.0000634999999952
-0.0019843750000000 -0.0322740100300000 0.0000761999999955
-0.0019843750000000 -0.0322740100300000 0.0000888999999957
-0.0019843750000000 -0.0322740100300000 0.0001015999999960
-0.0019843750000000 -0.0322740100300000 0.0001142999999962
-0.0019843750000000 -0.0322740100300000 0.0001269999999965
-0.0019843750000000 -0.0322740100300000 0.0001396999999967
-0.0019843750000000 -0.0322740100300000 0.0001523999999970
-0.0019843750000000 -0.0322740100300000 0.0001650999999972
-0.0019843750000000 -0.0322740100300000 0.0001777999999975
-0.0019843750000000 -0.0322740100300000 0.0001904999999977
-0.0019843750000000 -0.0322740100300000 0.0002031999999980
-0.0019843750000000 -0.0322740100300000 0.0002158999999982
-0.0019843750000000 -0.0322740100300000 0.0002285999999985
-0.0019843750000000 -0.0322740100300000 0.0002412999999987
-0.0019843750000000 -0.0322740100300000 0.0002539999999990
-0.0019843750000000 -0.0322740100300000 0.0002666999999992
-0.0019843750000000 -0.0322740100300000 0.0002793999999995
-0.0019843750000000 -0.0322740100300000 0.0002920999999997
-0.0019843750000000 -0.0322740100300000 0.0003048000000000
-0.0015875000000000 -0.0322740100300000 -0.0000000000000060
-0.0015875000000000 -0.0322740100300000 0.0000126999999942
-0.0015875000000000 -0.0322740100300000 0.0000253999999945
-0.0015875000000000 -0.0322740100300000 0.0000380999999947
-0.0015875000000000 -0.0322740100300000 0.0000507999999950
-0.0015875000000000 -0.0322740100300000 0.0000634999999952
-0.0015875000000000 -0.0322740100300000 0.0000761999999955
-0.0015875000000000 -0.0322740100300000 0.0000888999999957
-0.0015875000000000 -0.0322740100300000 0.0001015999999960
-0.0015875000000000 -0.0322740100300000 0.0001142999999962
-0.0015875000000000 -0.0322740100300000 0.0001269999999965
-0.0015875000000000 -0.0322740100300000 0.0001396999999967
-0.0015875000000000 -0.0322740100300000 0.0001523999999970
-0.0015875000000000 -0.0322740100300000 0.0001650999999972
-0.0015875000000000 -0.0322740100300000 0.0001777999999975
-0.0015875000000000 -0.0322740100300000 0.0001904999999977
-0.0015875000000000 -0.0322740100300000 0.0002031999999980
-0.0015875000000000 -0.0322740100300000 0.0002158999999982
-0.0015875000000000 -0.0322740100300000 0.0002285999999985
-0.0015875000000000 -0.0322740100300000 0.0002412999999987
-0.0015875000000000 -0.0322740100300000 0.0002539999999990
-0.0015875000000000 -0.0322740100300000 0.0002666999999992
-0.0015875000000000 -0.0322740100300000 0.0002793999999995
-0.0015875000000000 -0.0322740100300000 0.0002920999999997
-0.0015875000000000 -0.0322740100300000 0.0003048000000000
-0.0011906250000000 -0.0322740100300000 -0.0000000000000060
-0.0011906250000000 -0.0322740100300000 0.0000126999999942
-0.0011906250000000 -0.0322740100300000 0.0000253999999945
-0.0011906250000000 -0.0322740100300000 0.0000380999999947
-0.0011906250000000 -0.0322740100300000 0.0000507999999950
-0.0011906250000000 -0.0322740100300000 0.0000634999999952
-0.0011906250000000 -0.0322740100300000 0.0000761999999955
-0.0011906250000000 -0.0322740100300000 0.0000888999999957
-0.0011906250000000 -0.0322740100300000 0.0001015999999960
-0.0011906250000000 -0.0322740100300000 0.0001142999999962
-0.0011906250000000 -0.0322740100300000 0.0001269999999965
-0.0011906250000000 -0.0322740100300000 0.0001396999999967
-0.0011906250000000 -0.0322740100300000 0.0001523999999970
-0.0011906250000000 -0.0322740100300000 0.0001650999999972
-0.0011906250000000 -0.0322740100300000 0.0001777999999975
-0.0011906250000000 -0.0322740100300000 0.0001904999999977
-0.0011906250000000 -0.0322740100300000 0.0002031999999980
-0.0011906250000000 -0.0322740100300000 0.0002158999999982
-0.0011906250000000 -0.0322740100300000 0.0002285999999985
-0.0011906250000000 -0.0322740100300000 0.0002412999999987
-0.0011906250000000 -0.0322740100300000 0.0002539999999990
-0.0011906250000000 -0.0322740100300000 0.0002666999999992
-0.0011906250000000 -0.0322740100300000 0.0002793999999995
-0.0011906250000000 -0.0322740100300000 0.0002920999999997
-0.0011906250000000 -0.0322740100300000 0.0003048000000000
-0.0007937500000000 -0.0322740100300000 -0.0000000000000060
-0.0007937500000000 -0.0322740100300000 0.0000126999999942
-0.0007937500000000 -0.0322740100300000 0.0000253999999945
-0.0007937500000000 -0.0322740100300000 0.0000380999999947
-0.0007937500000000 -0.0322740100300000 0.0000507999999950
-0.0007937500000000 -0.0322740100300000 0.0000634999999952
-0.0007937500000000 -0.0322740100300000 0.0000761999999955
-0.0007937500000000 -0.0322740100300000 0.0000888999999957
-0.0007937500000000 -0.0322740100300000 0.0001015999999960
-0.0007937500000000 -0.0322740100300000 0.0001142999999962
-0.0007937500000000 -0.0322740100300000 0.0001269999999965
-0.0007937500000000 -0.0322740100300000 0.0001396999999967
-0.0007937500000000 -0.0322740100300000 0.0001523999999970
-0.0007937500000000 -0.0322740100300000 0.0001650999999972
-0.0007937500000000 -0.0322740100300000 0.0001777999999975
-0.0007937500000000 -0.0322740100300000 0.0001904999999977
-0.0007937500000000 -0.0322740100300000 0.0002031999999980
-0.0007937500000000 -0.0322740100300000 0.0002158999999982
-0.0007937500000000 -0.0322740100300000 0.0002285999999985
-0.0007937500000000 -0.0322740100300000 0.0002412999999987
-0.0007937500000000 -0.0322740100300000 0.0002539999999990
-0.0007937500000000 -0.0322740100300000 0.0002666999999992
-0.0007937500000000 -0.0322740100300000 0.0002793999999995
-0.0007937500000000 -0.0322740100300000 0.0002920999999997
-0.0007937500000000 -0.0322740100300000 0.0003048000000000
-0.0003968750000000 -0.0322740100300000 -0.0000000000000060
-0.0003968750000000 -0.0322740100300000 0.0000126999999942
-0.0003968750000000 -0.0322740100300000 0.0000253999999945
-0.0003968750000000 -0.0322740100300000 0.0000380999999947
-0.0003968750000000 -0.0322740100300000 0.0000507999999950
-0.0003968750000000 -0.0322740100300000 0.0000634999999952
-0.0003968750000000 -0.0322740100300000 0.0000761999999955
-0.0003968750000000 -0.0322740100300000 0.0000888999999957
-0.0003968750000000 -0.0322740100300000 0.0001015999999960
-0.0003968750000000 -0.0322740100300000 0.0001142999999962
-0.0003968750000000 -0.0322740100300000 0.0001269999999965
-0.0003968750000000 -0.0322740100300000 0.0001396999999967
-0.0003968750000000 -0.0322740100300000 0.0001523999999970
-0.0003968750000000 -0.0322740100300000 0.0001650999999972
-0.0003968750000000 -0.0322740100300000 0.0001777999999975
-0.0003968750000000 -0.0322740100300000 0.0001904999999977
-0.0003968750000000 -0.0322740100300000 0.0002031999999980
-0.0003968750000000 -0.0322740100300000 0.0002158999999982
-0.0003968750000000 -0.0322740100300000 0.0002285999999985
-0.0003968750000000 -0.0322740100300000 0.0002412999999987
-0.0003968750000000 -0.0322740100300000 0.0002539999999990
-0.0003968750000000 -0.0322740100300000 0.0002666999999992
-0.0003968750000000 -0.0322740100300000 0.0002793999999995
-0.0003968750000000 -0.0322740100300000 0.0002920999999997
-0.0003968750000000 -0.0322740100300000 0.0003048000000000
0.0000000000000000 -0.0322740100300000 -0.0000000000000060
0.0000000000000000 -0.0322740100300000 0.0000126999999942
0.0000000000000000 -0.0322740100300000 0.0000253999999945
0.0000000000000000 -0.0322740100300000 0.0000380999999947
0.0000000000000000 -0.0322740100300000 0.0000507999999950
0.0000000000000000 -0.0322740100300000 0.0000634999999952
0.0000000000000000 -0.0322740100300000 0.0000761999999955
0.0000000000000000 -0.0322740100300000 0.0000888999999957
0.0000000000000000 -0.0322740100300000 0.0001015999999960
0.0000000000000000 -0.0322740100300000 0.0001142999999962
0.0000000000000000 -0.0322740100300000 0.0001269999999965
0.0000000000000000 -0.0322740100300000 0.0001396999999967
0.0000000000000000 -0.0322740100300000 0.0001523999999970
0.0000000000000000 -0.0322740100300000 0.0001650999999972
0.0000000000000000 -0.0322740100300000 0.0001777999999975
0.0000000000000000 -0.0322740100300000 0.0001904999999977
0.0000000000000000 -0.0322740100300000 0.0002031999999980
0.0000000000000000 -0.0322740100300000 0.0002158999999982
0.0000000000000000 -0.0322740100300000 0.0002285999999985
0.0000000000000000 -0.0322740100300000 0.0002412999999987
0.0000000000000000 -0.0322740100300000 0.0002539999999990
0.0000000000000000 -0.0322740100300000 0.0002666999999992
0.0000000000000000 -0.0322740100300000 0.0002793999999995
0.0000000000000000 -0.0322740100300000 0.0002920999999997
0.0000000000000000 -0.0322740100300000 0.0003048000000000
0.0003968750000000 -0.0322740100300000 -0.0000000000000060
0.0003968750000000 -0.0322740100300000 0.0000126999999942
0.0003968750000000 -0.0322740100300000 0.0000253999999945
0.0003968750000000 -0.0322740100300000 0.0000380999999947
0.0003968750000000 -0.0322740100300000 0.0000507999999950
0.0003968750000000 -0.0322740100300000 0.0000634999999952
0.0003968750000000 -0.0322740100300000 0.0000761999999955
0.0003968750000000 -0.0322740100300000 0.0000888999999957
0.0003968750000000 -0.0322740100300000 0.0001015999999960
0.0003968750000000 -0.0322740100300000 0.0001142999999962
0.0003968750000000 -0.0322740100300000 0.0001269999999965
0.0003968750000000 -0.0322740100300000 0.0001396999999967
0.0003968750000000 -0.0322740100300000 0.0001523999999970
0.0003968750000000 -0.0322740100300000 0.0001650999999972
0.0003968750000000 -0.0322740100300000 0.0001777999999975
0.0003968750000000 -0.0322740100300000 0.0001904999999977
0.0003968750000000 -0.0322740100300000 0.0002031999999980
0.0003968750000000 -0.0322740100300000 0.0002158999999982
0.0003968750000000 -0.0322740100300000 0.0002285999999985
0.0003968750000000 -0.0322740100300000 0.0002412999999987
0.0003968750000000 -0.0322740100300000 0.0002539999999990
0.0003968750000000 -0.0322740100300000 0.0002666999999992
0.0003968750000000 -0.0322740100300000 0.0002793999999995
0.0003968750000000 -0.0322740100300000 0.0002920999999997
0.0003968750000000 -0.0322740100300000 0.0003048000000000
0.0007937500000000 -0.0322740100300000 -0.0000000000000060
0.0007937500000000 -0.0322740100300000 0.0000126999999942
0.0007937500000000 -0.0322740100300000 0.0000253999999945
0.0007937500000000 -0.0322740100300000 0.0000380999999947
0.0007937500000000 -0.0322740100300000 0.0000507999999950
0.0007937500000000 -0.0322740100300000 0.0000634999999952
0.0007937500000000 -0.0322740100300000 0.0000761999999955
0.0007937500000000 -0.0322740100300000 0.0000888999999957
0.0007937500000000 -0.0322740100300000 0.0001015999999960
0.0007937500000000 -0.0322740100300000 0.0001142999999962
0.0007937500000000 -0.0322740100300000 0.0001269999999965
0.0007937500000000 -0.0322740100300000 0.0001396999999967
0.0007937500000000 -0.0322740100300000 0.0001523999999970
0.0007937500000000 -0.0322740100300000 0.0001650999999972
0.0007937500000000 -0.0322740100300000 0.0001777999999975
0.0007937500000000 -0.0322740100300000 0.0001904999999977
0.0007937500000000 -0.0322740100300000 0.0002031999999980
0.0007937500000000 -0.0322740100300000 0.0002158999999982
0.0007937500000000 -0.0322740100300000 0.0002285999999985
0.0007937500000000 -0.0322740100300000 0.0002412999999987
0.0007937500000000 -0.0322740100300000 0.0002539999999990
0.0007937500000000 -0.0322740100300000 0.0002666999999992
0.0007937500000000 -0.0322740100300000 0.0002793999999995
0.0007937500000000 -0.0322740100300000 0.0002920999999997
0.0007937500000000 -0.0322740100300000 0.0003048000000000
0.0011906250000000 -0.0322740100300000 -0.0000000000000060
0.0011906250000000 -0.0322740100300000 0.0000126999999942
0.0011906250000000 -0.0322740100300000 0.0000253999999945
0.0011906250000000 -0.0322740100300000 0.0000380999999947
0.0011906250000000 -0.0322740100300000 0.0000507999999950
0.0011906250000000 -0.0322740100300000 0.0000634999999952
0.0011906250000000 -0.0322740100300000 0.0000761999999955
0.0011906250000000 -0.0322740100300000 0.0000888999999957
0.0011906250000000 -0.0322740100300000 0.0001015999999960
0.0011906250000000 -0.0322740100300000 0.0001142999999962
0.0011906250000000 -0.0322740100300000 0.0001269999999965
0.0011906250000000 -0.0322740100300000 0.0001396999999967
0.0011906250000000 -0.0322740100300000 0.0001523999999970
0.0011906250000000 -0.0322740100300000 0.0001650999999972
0.0011906250000000 -0.0322740100300000 0.0001777999999975
0.0011906250000000 -0.0322740100300000 0.0001904999999977
0.0011906250000000 -0.0322740100300000 0.0002031999999980
0.0011906250000000 -0.0322740100300000 0.0002158999999982
0.0011906250000000 -0.0322740100300000 0.0002285999999985
0.0011906250000000 -0.0322740100300000 0.0002412999999987
0.0011906250000000 -0.0322740100300000 0.0002539999999990
0.0011906250000000 -0.0322740100300000 0.0002666999999992
0.0011906250000000 -0.0322740100300000 0.0002793999999995
0.0011906250000000 -0.0322740100300000 0.0002920999999997
0.0011906250000000 -0.0322740100300000 0.0003048000000000
0.0015875000000000 -0.0322740100300000 -0.0000000000000060
0.0015875000000000 -0.0322740100300000 0.0000126999999942
0.0015875000000000 -0.0322740100300000 0.0000253999999945
0.0015875000000000 -0.0322740100300000 0.0000380999999947
0.0015875000000000 -0.0322740100300000 0.0000507999999950
0.0015875000000000 -0.0322740100300000 0.0000634999999952
0.0015875000000000 -0.0322740100300000 0.0000761999999955
0.0015875000000000 -0.0322740100300000 0.0000888999999957
0.0015875000000000 -0.0322740100300000 0.0001015999999960
0.0015875000000000 -0.0322740100300000 0.0001142999999962
0.0015875000000000 -0.0322740100300000 0.0001269999999965
0.0015875000000000 -0.0322740100300000 0.0001396999999967
0.0015875000000000 -0.0322740100300000 0.0001523999999970
0.0015875000000000 -0.0322740100300000 0.0001650999999972
0.0015875000000000 -0.0322740100300000 0.0001777999999975
0.0015875000000000 -0.0322740100300000 0.0001904999999977
0.0015875000000000 -0.0322740100300000 0.0002031999999980
0.0015875000000000 -0.0322740100300000 0.0002158999999982
0.0015875000000000 -0.0322740100300000 0.0002285999999985
0.0015875000000000 -0.0322740100300000 0.0002412999999987
0.0015875000000000 -0.0322740100300000 0.0002539999999990
0.0015875000000000 -0.0322740100300000 0.0002666999999992
0.0015875000000000 -0.0322740100300000 0.0002793999999995
0.0015875000000000 -0.0322740100300000 0.0002920999999997
0.0015875000000000 -0.0322740100300000 0.0003048000000000
0.0019843750000000 -0.0322740100300000 -0.0000000000000060
0.0019843750000000 -0.0322740100300000 0.0000126999999942
0.0019843750000000 -0.0322740100300000 0.0000253999999945
0.0019843750000000 -0.0322740100300000 0.0000380999999947
0.0019843750000000 -0.0322740100300000 0.0000507999999950
0.0019843750000000 -0.0322740100300000 0.0000634999999952
0.0019843750000000 -0.0322740100300000 0.0000761999999955
0.0019843750000000 -0.0322740100300000 0.0000888999999957
0.0019843750000000 -0.0322740100300000 0.0001015999999960
0.0019843750000000 -0.0322740100300000 0.0001142999999962
0.0019843750000000 -0.0322740100300000 0.0001269999999965
0.0019843750000000 -0.0322740100300000 0.0001396999999967
0.0019843750000000 -0.0322740100300000 0.0001523999999970
0.0019843750000000 -0.0322740100300000 0.0001650999999972
0.0019843750000000 -0.0322740100300000 0.0001777999999975
0.0019843750000000 -0.0322740100300000 0.0001904999999977
0.0019843750000000 -0.0322740100300000 0.0002031999999980
0.0019843750000000 -0.0322740100300000 0.0002158999999982
0.0019843750000000 -0.0322740100300000 0.0002285999999985
0.0019843750000000 -0.0322740100300000 0.0002412999999987
0.0019843750000000 -0.0322740100300000 0.0002539999999990
0.0019843750000000 -0.0322740100300000 0.0002666999999992
0.0019843750000000 -0.0322740100300000 0.0002793999999995
0.0019843750000000 -0.0322740100300000 0.0002920999999997
0.0019843750000000 -0.0322740100300000 0.0003048000000000
0.0023812500000000 -0.0322740100300000 -0.0000000000000060
0.0023812500000000 -0.0322740100300000 0.0000126999999942
0.0023812500000000 -0.0322740100300000 0.0000253999999945
0.0023812500000000 -0.0322740100300000 0.0000380999999947
0.0023812500000000 -0.0322740100300000 0.0000507999999950
0.0023812500000000 -0.0322740100300000 0.0000634999999952
0.0023812500000000 -0.0322740100300000 0.0000761999999955
0.0023812500000000 -0.0322740100300000 0.0000888999999957
0.0023812500000000 -0.0322740100300000 0.0001015999999960
0.0023812500000000 -0.0322740100300000 0.0001142999999962
0.0023812500000000 -0.0322740100300000 0.0001269999999965
0.0023812500000000 -0.0322740100300000 0.0001396999999967
0.0023812500000000 -0.0322740100300000 0.0001523999999970
0.0023812500000000 -0.0322740100300000 0.0001650999999972
0.0023812500000000 -0.0322740100300000 0.0001777999999975
0.0023812500000000 -0.0322740100300000 0.0001904999999977
0.0023812500000000 -0.0322740100300000 0.0002031999999980
0.0023812500000000 -0.0322740100300000 0.0002158999999982
0.0023812500000000 -0.0322740100300000 0.0002285999999985
0.0023812500000000 -0.0322740100300000 0.0002412999999987
0.0023812500000000 -0.0322740100300000 0.0002539999999990
0.0023812500000000 -0.0322740100300000 0.0002666999999992
0.0023812500000000 -0.0322740100300000 0.0002793999999995
0.0023812500000000 -0.0322740100300000 0.0002920999999997
0.0023812500000000 -0.0322740100300000 0.0003048000000000
0.0027781250000000 -0.0322740100300000 -0.0000000000000060
0.0027781250000000 -0.0322740100300000 0.0000126999999942
0.0027781250000000 -0.0322740100300000 0.0000253999999945
0.0027781250000000 -0.0322740100300000 0.0000380999999947
0.0027781250000000 -0.0322740100300000 0.0000507999999950
0.0027781250000000 -0.0322740100300000 0.0000634999999952
0.0027781250000000 -0.0322740100300000 0.0000761999999955
0.0027781250000000 -0.0322740100300000 0.0000888999999957
0.0027781250000000 -0.0322740100300000 0.0001015999999960
0.0027781250000000 -0.0322740100300000 0.0001142999999962
0.0027781250000000 -0.0322740100300000 0.0001269999999965
0.0027781250000000 -0.0322740100300000 0.0001396999999967
0.0027781250000000 -0.0322740100300000 0.0001523999999970
0.0027781250000000 -0.0322740100300000 0.0001650999999972
0.0027781250000000 -0.0322740100300000 0.0001777999999975
0.0027781250000000 -0.0322740100300000 0.0001904999999977
0.0027781250000000 -0.0322740100300000 0.0002031999999980
0.0027781250000000 -0.0322740100300000 0.0002158999999982
0.0027781250000000 -0.0322740100300000 0.0002285999999985
0.0027781250000000 -0.0322740100300000 0.0002412999999987
0.0027781250000000 -0.0322740100300000 0.0002539999999990
0.0027781250000000 -0.0322740100300000 0.0002666999999992
0.0027781250000000 -0.0322740100300000 0.0002793999999995
0.0027781250000000 -0.0322740100300000 0.0002920999999997
0.0027781250000000 -0.0322740100300000 0.0003048000000000
0.0031750000000000 -0.0322740100300000 -0.0000000000000060
0.0031750000000000 -0.0322740100300000 0.0000126999999942
0.0031750000000000 -0.0322740100300000 0.0000253999999945
0.0031750000000000 -0.0322740100300000 0.0000380999999947
0.0031750000000000 -0.0322740100300000 0.0000507999999950
0.0031750000000000 -0.0322740100300000 0.0000634999999952
0.0031750000000000 -0.0322740100300000 0.0000761999999955
0.0031750000000000 -0.0322740100300000 0.0000888999999957
0.0031750000000000 -0.0322740100300000 0.0001015999999960
0.0031750000000000 -0.0322740100300000 0.0001142999999962
0.0031750000000000 -0.0322740100300000 0.0001269999999965
0.0031750000000000 -0.0322740100300000 0.0001396999999967
0.0031750000000000 -0.0322740100300000 0.0001523999999970
0.0031750000000000 -0.0322740100300000 0.0001650999999972
0.0031750000000000 -0.0322740100300000 0.0001777999999975
0.0031750000000000 -0.0322740100300000 0.0001904999999977
0.0031750000000000 -0.0322740100300000 0.0002031999999980
0.0031750000000000 -0.0322740100300000 0.0002158999999982
0.0031750000000000 -0.0322740100300000 0.0002285999999985
0.0031750000000000 -0.0322740100300000 0.0002412999999987
0.0031750000000000 -0.0322740100300000 0.0002539999999990
0.0031750000000000 -0.0322740100300000 0.0002666999999992
0.0031750000000000 -0.0322740100300000 0.0002793999999995
0.0031750000000000 -0.0322740100300000 0.0002920999999997
0.0031750000000000 -0.0322740100300000 0.0003048000000000
0.0035718750000000 -0.0322740100300000 -0.0000000000000060
0.0035718750000000 -0.0322740100300000 0.0000126999999942
0.0035718750000000 -0.0322740100300000 0.0000253999999945
0.0035718750000000 -0.0322740100300000 0.0000380999999947
0.0035718750000000 -0.0322740100300000 0.0000507999999950
0.0035718750000000 -0.0322740100300000 0.0000634999999952
0.0035718750000000 -0.0322740100300000 0.0000761999999955
0.0035718750000000 -0.0322740100300000 0.0000888999999957
0.0035718750000000 -0.0322740100300000 0.0001015999999960
0.0035718750000000 -0.0322740100300000 0.0001142999999962
0.0035718750000000 -0.0322740100300000 0.0001269999999965
0.0035718750000000 -0.0322740100300000 0.0001396999999967
0.0035718750000000 -0.0322740100300000 0.0001523999999970
0.0035718750000000 -0.0322740100300000 0.0001650999999972
0.0035718750000000 -0.0322740100300000 0.0001777999999975
0.0035718750000000 -0.0322740100300000 0.0001904999999977
0.0035718750000000 -0.0322740100300000 0.0002031999999980
0.0035718750000000 -0.0322740100300000 0.0002158999999982
0.0035718750000000 -0.0322740100300000 0.0002285999999985
0.0035718750000000 -0.0322740100300000 0.0002412999999987
0.0035718750000000 -0.0322740100300000 0.0002539999999990
0.0035718750000000 -0.0322740100300000 0.0002666999999992
0.0035718750000000 -0.0322740100300000 0.0002793999999995
0.0035718750000000 -0.0322740100300000 0.0002920999999997
0.0035718750000000 -0.0322740100300000 0.0003048000000000
0.0039687500000000 -0.0322740100300000 -0.0000000000000060
0.0039687500000000 -0.0322740100300000 0.0000126999999942
0.0039687500000000 -0.0322740100300000 0.0000253999999945
0.0039687500000000 -0.0322740100300000 0.0000380999999947
0.0039687500000000 -0.0322740100300000 0.0000507999999950
0.0039687500000000 -0.0322740100300000 0.0000634999999952
0.0039687500000000 -0.0322740100300000 0.0000761999999955
0.0039687500000000 -0.0322740100300000 0.0000888999999957
0.0039687500000000 -0.0322740100300000 0.0001015999999960
0.0039687500000000 -0.0322740100300000 0.0001142999999962
0.0039687500000000 -0.0322740100300000 0.0001269999999965
0.0039687500000000 -0.0322740100300000 0.0001396999999967
0.0039687500000000 -0.0322740100300000 0.0001523999999970
0.0039687500000000 -0.0322740100300000 0.0001650999999972
0.0039687500000000 -0.0322740100300000 0.0001777999999975
0.0039687500000000 -0.0322740100300000 0.0001904999999977
0.0039687500000000 -0.0322740100300000 0.0002031999999980
0.0039687500000000 -0.0322740100300000 0.0002158999999982
0.0039687500000000 -0.0322740100300000 0.0002285999999985
0.0039687500000000 -0.0322740100300000 0.0002412999999987
0.0039687500000000 -0.0322740100300000 0.0002539999999990
0.0039687500000000 -0.0322740100300000 0.0002666999999992
0.0039687500000000 -0.0322740100300000 0.0002793999999995
0.0039687500000000 -0.0322740100300000 0.0002920999999997
0.0039687500000000 -0.0322740100300000 0.0003048000000000
0.0043656250000000 -0.0322740100300000 -0.0000000000000060
0.0043656250000000 -0.0322740100300000 0.0000126999999942
0.0043656250000000 -0.0322740100300000 0.0000253999999945
0.0043656250000000 -0.0322740100300000 0.0000380999999947
0.0043656250000000 -0.0322740100300000 0.0000507999999950
0.0043656250000000 -0.0322740100300000 0.0000634999999952
0.0043656250000000 -0.0322740100300000 0.0000761999999955
0.0043656250000000 -0.0322740100300000 0.0000888999999957
0.0043656250000000 -0.0322740100300000 0.0001015999999960
0.0043656250000000 -0.0322740100300000 0.0001142999999962
0.0043656250000000 -0.0322740100300000 0.0001269999999965
0.0043656250000000 -0.0322740100300000 0.0001396999999967
0.0043656250000000 -0.0322740100300000 0.0001523999999970
0.0043656250000000 -0.0322740100300000 0.0001650999999972
0.0043656250000000 -0.0322740100300000 0.0001777999999975
0.0043656250000000 -0.0322740100300000 0.0001904999999977
0.0043656250000000 -0.0322740100300000 0.0002031999999980
0.0043656250000000 -0.0322740100300000 0.0002158999999982
0.0043656250000000 -0.0322740100300000 0.0002285999999985
0.0043656250000000 -0.0322740100300000 0.0002412999999987
0.0043656250000000 -0.0322740100300000 0.0002539999999990
0.0043656250000000 -0.0322740100300000 0.0002666999999992
0.0043656250000000 -0.0322740100300000 0.0002793999999995
0.0043656250000000 -0.0322740100300000 0.0002920999999997
0.0043656250000000 -0.0322740100300000 0.0003048000000000
0.0047625000000000 -0.0322740100300000 -0.0000000000000060
0.0047625000000000 -0.0322740100300000 0.0000126999999942
0.0047625000000000 -0.0322740100300000 0.0000253999999945
0.0047625000000000 -0.0322740100300000 0.0000380999999947
0.0047625000000000 -0.0322740100300000 0.0000507999999950
0.0047625000000000 -0.0322740100300000 0.0000634999999952
0.0047625000000000 -0.0322740100300000 0.0000761999999955
0.0047625000000000 -0.0322740100300000 0.0000888999999957
0.0047625000000000 -0.0322740100300000 0.0001015999999960
0.0047625000000000 -0.0322740100300000 0.0001142999999962
0.0047625000000000 -0.0322740100300000 0.0001269999999965
0.0047625000000000 -0.0322740100300000 0.0001396999999967
0.0047625000000000 -0.0322740100300000 0.0001523999999970
0.0047625000000000 -0.0322740100300000 0.0001650999999972
0.0047625000000000 -0.0322740100300000 0.0001777999999975
0.0047625000000000 -0.0322740100300000 0.0001904999999977
0.0047625000000000 -0.0322740100300000 0.0002031999999980
0.0047625000000000 -0.0322740100300000 0.0002158999999982
0.0047625000000000 -0.0322740100300000 0.0002285999999985
0.0047625000000000 -0.0322740100300000 0.0002412999999987
0.0047625000000000 -0.0322740100300000 0.0002539999999990
0.0047625000000000 -0.0322740100300000 0.0002666999999992
0.0047625000000000 -0.0322740100300000 0.0002793999999995
0.0047625000000000 -0.0322740100300000 0.0002920999999997
0.0047625000000000 -0.0322740100300000 0.0003048000000000
