0.1034488454000000 0.0745003179000000 0.0399945057900000
0.1034488454000000 0.0745003179000000 0.0404190340919340
0.1034488454000000 0.0745003179000000 0.0408435623938679
0.1034488454000000 0.0745003179000000 0.0412680906958019
0.1034488454000000 0.0745003179000000 0.0416926189977359
0.1034488454000000 0.0745003179000000 0.0421171472996698
0.1034488454000000 0.0745003179000000 0.0425416756016038
0.1034488454000000 0.0745003179000000 0.0429662039035377
0.1034488454000000 0.0745003179000000 0.0433907322054717
0.1034488454000000 0.0745003179000000 0.0438152605074057
0.1034488454000000 0.0745003179000000 0.0442397888093396
0.1034488454000000 0.0745003179000000 0.0446643171112736
0.1034488454000000 0.0745003179000000 0.0450888454132075
0.1034488454000000 0.0745003179000000 0.0455133737151415
0.1034488454000000 0.0745003179000000 0.0459379020170755
0.1034488454000000 0.0745003179000000 0.0463624303190094
0.1034488454000000 0.0745003179000000 0.0467869586209434
0.1034488454000000 0.0745003179000000 0.0472114869228774
0.1034488454000000 0.0745003179000000 0.0476360152248113
0.1034488454000000 0.0745003179000000 0.0480605435267453
0.1034488454000000 0.0745003179000000 0.0484850718286792
0.1034488454000000 0.0745003179000000 0.0489096001306132
0.1034488454000000 0.0745003179000000 0.0493341284325472
0.1034488454000000 0.0745003179000000 0.0497586567344811
0.1034488454000000 0.0745003179000000 0.0501831850364151
0.1034488454000000 0.0745003179000000 0.0506077133383491
0.1034488454000000 0.0745003179000000 0.0510322416402830
0.1034488454000000 0.0745003179000000 0.0514567699422170
0.1034488454000000 0.0745003179000000 0.0518812982441509
0.1034488454000000 0.0745003179000000 0.0523058265460849
0.1034488454000000 0.0745003179000000 0.0527303548480189
0.1034488454000000 0.0745003179000000 0.0531548831499528
0.1034488454000000 0.0745003179000000 0.0535794114518868
0.1034488454000000 0.0745003179000000 0.0540039397538208
0.1034488454000000 0.0745003179000000 0.0544284680557547
0.1034488454000000 0.0745003179000000 0.0548529963576887
0.1034488454000000 0.0745003179000000 0.0552775246596226
0.1034488454000000 0.0745003179000000 0.0557020529615566
0.1034488454000000 0.0745003179000000 0.0561265812634906
0.1034488454000000 0.0745003179000000 0.0565511095654245
0.1034488454000000 0.0745003179000000 0.0569756378673585
0.1034488454000000 0.0745003179000000 0.0574001661692925
0.1034488454000000 0.0745003179000000 0.0578246944712264
0.1034488454000000 0.0745003179000000 0.0582492227731604
0.1034488454000000 0.0745003179000000 0.0586737510750943
0.1034488454000000 0.0745003179000000 0.0590982793770283
0.1034488454000000 0.0745003179000000 0.0595228076789623
0.1034488454000000 0.0745003179000000 0.0599473359808962
0.1034488454000000 0.0745003179000000 0.0603718642828302
0.1034488454000000 0.0745003179000000 0.0607963925847642
0.1034488454000000 0.0745003179000000 0.0612209208866981
0.1034488454000000 0.0745003179000000 0.0616454491886321
0.1034488454000000 0.0745003179000000 0.0620699774905660
0.1034488454000000 0.0745003179000000 0.0624945057925000
0.1034488454000000 0.0745003179000000 0.0629190340944340
0.1034488454000000 0.0745003179000000 0.0633435623963679
0.1034488454000000 0.0745003179000000 0.0637680906983019
0.1034488454000000 0.0745003179000000 0.0641926190002358
0.1034488454000000 0.0745003179000000 0.0646171473021698
0.1034488454000000 0.0745003179000000 0.0650416756041038
0.1034488454000000 0.0745003179000000 0.0654662039060377
0.1034488454000000 0.0745003179000000 0.0658907322079717
0.1034488454000000 0.0745003179000000 0.0663152605099057
0.1034488454000000 0.0745003179000000 0.0667397888118396
0.1034488454000000 0.0745003179000000 0.0671643171137736
0.1034488454000000 0.0745003179000000 0.0675888454157075
0.1034488454000000 0.0745003179000000 0.0680133737176415
0.1034488454000000 0.0745003179000000 0.0684379020195755
0.1034488454000000 0.0745003179000000 0.0688624303215094
0.1034488454000000 0.0745003179000000 0.0692869586234434
0.1034488454000000 0.0745003179000000 0.0697114869253774
0.1034488454000000 0.0745003179000000 0.0701360152273113
0.1034488454000000 0.0745003179000000 0.0705605435292453
0.1034488454000000 0.0745003179000000 0.0709850718311792
0.1034488454000000 0.0745003179000000 0.0714096001331132
0.1034488454000000 0.0745003179000000 0.0718341284350472
0.1034488454000000 0.0745003179000000 0.0722586567369811
0.1034488454000000 0.0745003179000000 0.0726831850389151
0.1034488454000000 0.0745003179000000 0.0731077133408491
0.1034488454000000 0.0745003179000000 0.0735322416427830
0.1034488454000000 0.0745003179000000 0.0739567699447170
0.1034488454000000 0.0745003179000000 0.0743812982466509
0.1034488454000000 0.0745003179000000 0.0748058265485849
0.1034488454000000 0.0745003179000000 0.0752303548505189
0.1034488454000000 0.0745003179000000 0.0756548831524528
0.1034488454000000 0.0745003179000000 0.0760794114543868
0.1034488454000000 0.0745003179000000 0.0765039397563207
0.1034488454000000 0.0745003179000000 0.0769284680582547
0.1034488454000000 0.0745003179000000 0.0773529963601887
0.1034488454000000 0.0745003179000000 0.0777775246621226
0.1034488454000000 0.0745003179000000 0.0782020529640566
0.1034488454000000 0.0745003179000000 0.0786265812659906
0.1034488454000000 0.0745003179000000 0.0790511095679245
0.1034488454000000 0.0745003179000000 0.0794756378698585
0.1034488454000000 0.0745003179000000 0.0799001661717924
0.1034488454000000 0.0745003179000000 0.0803246944737264
0.1034488454000000 0.0745003179000000 0.0807492227756604
0.1034488454000000 0.0745003179000000 0.0811737510775943
0.1034488454000000 0.0745003179000000 0.0815982793795283
0.1034488454000000 0.0745003179000000 0.0820228076814623
0.1034488454000000 0.0745003179000000 0.0824473359833962
0.1034488454000000 0.0745003179000000 0.0828718642853302
0.1034488454000000 0.0745003179000000 0.0832963925872642
0.1034488454000000 0.0745003179000000 0.0837209208891981
0.1034488454000000 0.0745003179000000 0.0841454491911321
0.1034488454000000 0.0745003179000000 0.0845699774930660
0.1034488454000000 0.0745003179000000 0.0849945057950000
0.1034488454000000 0.0745003179000000 0.0854190340969340
0.1034488454000000 0.0745003179000000 0.0858435623988679
0.1034488454000000 0.0745003179000000 0.0862680907008019
0.1034488454000000 0.0745003179000000 0.0866926190027358
0.1034488454000000 0.0745003179000000 0.0871171473046698
0.1034488454000000 0.0745003179000000 0.0875416756066038
0.1034488454000000 0.0745003179000000 0.0879662039085377
0.1034488454000000 0.0745003179000000 0.0883907322104717
0.1034488454000000 0.0745003179000000 0.0888152605124057
0.1034488454000000 0.0745003179000000 0.0892397888143396
0.1034488454000000 0.0745003179000000 0.0896643171162736
0.1034488454000000 0.0745003179000000 0.0900888454182076
0.1034488454000000 0.0745003179000000 0.0905133737201415
0.1034488454000000 0.0745003179000000 0.0909379020220755
0.1034488454000000 0.0745003179000000 0.0913624303240094
0.1034488454000000 0.0745003179000000 0.0917869586259434
0.1034488454000000 0.0745003179000000 0.0922114869278774
0.1034488454000000 0.0745003179000000 0.0926360152298113
0.1034488454000000 0.0745003179000000 0.0930605435317453
0.1034488454000000 0.0745003179000000 0.0934850718336792
0.1034488454000000 0.0745003179000000 0.0939096001356132
0.1034488454000000 0.0745003179000000 0.0943341284375472
0.1034488454000000 0.0745003179000000 0.0947586567394811
0.1034488454000000 0.0745003179000000 0.0951831850414151
0.1034488454000000 0.0745003179000000 0.0956077133433491
0.1034488454000000 0.0745003179000000 0.0960322416452830
0.1034488454000000 0.0745003179000000 0.0964567699472170
0.1034488454000000 0.0745003179000000 0.0968812982491509
0.1034488454000000 0.0745003179000000 0.0973058265510849
0.1034488454000000 0.0745003179000000 0.0977303548530189
0.1034488454000000 0.0745003179000000 0.0981548831549528
0.1034488454000000 0.0745003179000000 0.0985794114568868
0.1034488454000000 0.0745003179000000 0.0990039397588208
0.1034488454000000 0.0745003179000000 0.0994284680607547
0.1034488454000000 0.0745003179000000 0.0998529963626887
0.1034488454000000 0.0745003179000000 0.1002775246646226
0.1034488454000000 0.0745003179000000 0.1007020529665566
0.1034488454000000 0.0745003179000000 0.1011265812684906
0.1034488454000000 0.0745003179000000 0.1015511095704245
0.1034488454000000 0.0745003179000000 0.1019756378723585
0.1034488454000000 0.0745003179000000 0.1024001661742925
0.1034488454000000 0.0745003179000000 0.1028246944762264
0.1034488454000000 0.0745003179000000 0.1032492227781604
0.1034488454000000 0.0745003179000000 0.1036737510800943
0.1034488454000000 0.0745003179000000 0.1040982793820283
0.1034488454000000 0.0745003179000000 0.1045228076839623
0.1034488454000000 0.0745003179000000 0.1049473359858962
0.1034488454000000 0.0745003179000000 0.1053718642878302
0.1034488454000000 0.0745003179000000 0.1057963925897641
0.1034488454000000 0.0745003179000000 0.1062209208916981
0.1034488454000000 0.0745003179000000 0.1066454491936321
0.1034488454000000 0.0745003179000000 0.1070699774955660
0.1034488454000000 0.0745003179000000 0.1074945057975000
0.1034488454000000 0.0745003179000000 0.1079190340994340
0.1034488454000000 0.0745003179000000 0.1083435624013679
0.1034488454000000 0.0745003179000000 0.1087680907033019
0.1034488454000000 0.0745003179000000 0.1091926190052359
0.1034488454000000 0.0745003179000000 0.1096171473071698
0.1034488454000000 0.0745003179000000 0.1100416756091038
0.1034488454000000 0.0745003179000000 0.1104662039110377
0.1034488454000000 0.0745003179000000 0.1108907322129717
0.1034488454000000 0.0745003179000000 0.1113152605149056
0.1034488454000000 0.0745003179000000 0.1117397888168396
0.1034488454000000 0.0745003179000000 0.1121643171187736
0.1034488454000000 0.0745003179000000 0.1125888454207075
0.1034488454000000 0.0745003179000000 0.1130133737226415
0.1034488454000000 0.0745003179000000 0.1134379020245755
0.1034488454000000 0.0745003179000000 0.1138624303265094
0.1034488454000000 0.0745003179000000 0.1142869586284434
0.1034488454000000 0.0745003179000000 0.1147114869303774
0.1034488454000000 0.0745003179000000 0.1151360152323113
0.1034488454000000 0.0745003179000000 0.1155605435342453
0.1034488454000000 0.0745003179000000 0.1159850718361792
0.1034488454000000 0.0745003179000000 0.1164096001381132
0.1034488454000000 0.0745003179000000 0.1168341284400472
0.1034488454000000 0.0745003179000000 0.1172586567419811
0.1034488454000000 0.0745003179000000 0.1176831850439151
0.1034488454000000 0.0745003179000000 0.1181077133458490
0.1034488454000000 0.0745003179000000 0.1185322416477830
0.1034488454000000 0.0745003179000000 0.1189567699497170
0.1034488454000000 0.0745003179000000 0.1193812982516509
0.1034488454000000 0.0745003179000000 0.1198058265535849
0.1034488454000000 0.0745003179000000 0.1202303548555189
0.1034488454000000 0.0745003179000000 0.1206548831574528
0.1034488454000000 0.0745003179000000 0.1210794114593868
0.1034488454000000 0.0745003179000000 0.1215039397613208
0.1034488454000000 0.0745003179000000 0.1219284680632547
0.1034488454000000 0.0745003179000000 0.1223529963651887
0.1034488454000000 0.0745003179000000 0.1227775246671226
0.1034488454000000 0.0745003179000000 0.1232020529690566
0.1034488454000000 0.0745003179000000 0.1236265812709905
0.1034488454000000 0.0745003179000000 0.1240511095729245
0.1034488454000000 0.0745003179000000 0.1244756378748585
0.1034488454000000 0.0745003179000000 0.1249001661767924
0.1034488454000000 0.0745003179000000 0.1253246944787264
0.1034488454000000 0.0745003179000000 0.1257492227806604
0.1034488454000000 0.0745003179000000 0.1261737510825943
0.1034488454000000 0.0745003179000000 0.1265982793845283
0.1034488454000000 0.0745003179000000 0.1270228076864623
0.1034488454000000 0.0745003179000000 0.1274473359883962
0.1034488454000000 0.0745003179000000 0.1278718642903302
0.1034488454000000 0.0745003179000000 0.1282963925922641
0.1034488454000000 0.0745003179000000 0.1287209208941981
0.1034488454000000 0.0745003179000000 0.1291454491961321
0.1034488454000000 0.0745003179000000 0.1295699774980660
0.1034488454000000 0.0745003179000000 0.1299945058000000
0.1034488454000000 0.0751334179000000 0.0399945057900000
0.1034488454000000 0.0751334179000000 0.0404190340919340
0.1034488454000000 0.0751334179000000 0.0408435623938679
0.1034488454000000 0.0751334179000000 0.0412680906958019
0.1034488454000000 0.0751334179000000 0.0416926189977359
0.1034488454000000 0.0751334179000000 0.0421171472996698
0.1034488454000000 0.0751334179000000 0.0425416756016038
0.1034488454000000 0.0751334179000000 0.0429662039035377
0.1034488454000000 0.0751334179000000 0.0433907322054717
0.1034488454000000 0.0751334179000000 0.0438152605074057
0.1034488454000000 0.0751334179000000 0.0442397888093396
0.1034488454000000 0.0751334179000000 0.0446643171112736
0.1034488454000000 0.0751334179000000 0.0450888454132075
0.1034488454000000 0.0751334179000000 0.0455133737151415
0.1034488454000000 0.0751334179000000 0.0459379020170755
0.1034488454000000 0.0751334179000000 0.0463624303190094
0.1034488454000000 0.0751334179000000 0.0467869586209434
0.1034488454000000 0.0751334179000000 0.0472114869228774
0.1034488454000000 0.0751334179000000 0.0476360152248113
0.1034488454000000 0.0751334179000000 0.0480605435267453
0.1034488454000000 0.0751334179000000 0.0484850718286792
0.1034488454000000 0.0751334179000000 0.0489096001306132
0.1034488454000000 0.0751334179000000 0.0493341284325472
0.1034488454000000 0.0751334179000000 0.0497586567344811
0.1034488454000000 0.0751334179000000 0.0501831850364151
0.1034488454000000 0.0751334179000000 0.0506077133383491
0.1034488454000000 0.0751334179000000 0.0510322416402830
0.1034488454000000 0.0751334179000000 0.0514567699422170
0.1034488454000000 0.0751334179000000 0.0518812982441509
0.1034488454000000 0.0751334179000000 0.0523058265460849
0.1034488454000000 0.0751334179000000 0.0527303548480189
0.1034488454000000 0.0751334179000000 0.0531548831499528
0.1034488454000000 0.0751334179000000 0.0535794114518868
0.1034488454000000 0.0751334179000000 0.0540039397538208
0.1034488454000000 0.0751334179000000 0.0544284680557547
0.1034488454000000 0.0751334179000000 0.0548529963576887
0.1034488454000000 0.0751334179000000 0.0552775246596226
0.1034488454000000 0.0751334179000000 0.0557020529615566
0.1034488454000000 0.0751334179000000 0.0561265812634906
0.1034488454000000 0.0751334179000000 0.0565511095654245
0.1034488454000000 0.0751334179000000 0.0569756378673585
0.1034488454000000 0.0751334179000000 0.0574001661692925
0.1034488454000000 0.0751334179000000 0.0578246944712264
0.1034488454000000 0.0751334179000000 0.0582492227731604
0.1034488454000000 0.0751334179000000 0.0586737510750943
0.1034488454000000 0.0751334179000000 0.0590982793770283
0.1034488454000000 0.0751334179000000 0.0595228076789623
0.1034488454000000 0.0751334179000000 0.0599473359808962
0.1034488454000000 0.0751334179000000 0.0603718642828302
0.1034488454000000 0.0751334179000000 0.0607963925847642
0.1034488454000000 0.0751334179000000 0.0612209208866981
0.1034488454000000 0.0751334179000000 0.0616454491886321
0.1034488454000000 0.0751334179000000 0.0620699774905660
0.1034488454000000 0.0751334179000000 0.0624945057925000
0.1034488454000000 0.0751334179000000 0.0629190340944340
0.1034488454000000 0.0751334179000000 0.0633435623963679
0.1034488454000000 0.0751334179000000 0.0637680906983019
0.1034488454000000 0.0751334179000000 0.0641926190002358
0.1034488454000000 0.0751334179000000 0.0646171473021698
0.1034488454000000 0.0751334179000000 0.0650416756041038
0.1034488454000000 0.0751334179000000 0.0654662039060377
0.1034488454000000 0.0751334179000000 0.0658907322079717
0.1034488454000000 0.0751334179000000 0.0663152605099057
0.1034488454000000 0.0751334179000000 0.0667397888118396
0.1034488454000000 0.0751334179000000 0.0671643171137736
0.1034488454000000 0.0751334179000000 0.0675888454157075
0.1034488454000000 0.0751334179000000 0.0680133737176415
0.1034488454000000 0.0751334179000000 0.0684379020195755
0.1034488454000000 0.0751334179000000 0.0688624303215094
0.1034488454000000 0.0751334179000000 0.0692869586234434
0.1034488454000000 0.0751334179000000 0.0697114869253774
0.1034488454000000 0.0751334179000000 0.0701360152273113
0.1034488454000000 0.0751334179000000 0.0705605435292453
0.1034488454000000 0.0751334179000000 0.0709850718311792
0.1034488454000000 0.0751334179000000 0.0714096001331132
0.1034488454000000 0.0751334179000000 0.0718341284350472
0.1034488454000000 0.0751334179000000 0.0722586567369811
0.1034488454000000 0.0751334179000000 0.0726831850389151
0.1034488454000000 0.0751334179000000 0.0731077133408491
0.1034488454000000 0.0751334179000000 0.0735322416427830
0.1034488454000000 0.0751334179000000 0.0739567699447170
0.1034488454000000 0.0751334179000000 0.0743812982466509
0.1034488454000000 0.0751334179000000 0.0748058265485849
0.1034488454000000 0.0751334179000000 0.0752303548505189
0.1034488454000000 0.0751334179000000 0.0756548831524528
0.1034488454000000 0.0751334179000000 0.0760794114543868
0.1034488454000000 0.0751334179000000 0.0765039397563207
0.1034488454000000 0.0751334179000000 0.0769284680582547
0.1034488454000000 0.0751334179000000 0.0773529963601887
0.1034488454000000 0.0751334179000000 0.0777775246621226
0.1034488454000000 0.0751334179000000 0.0782020529640566
0.1034488454000000 0.0751334179000000 0.0786265812659906
0.1034488454000000 0.0751334179000000 0.0790511095679245
0.1034488454000000 0.0751334179000000 0.0794756378698585
0.1034488454000000 0.0751334179000000 0.0799001661717924
0.1034488454000000 0.0751334179000000 0.0803246944737264
0.1034488454000000 0.0751334179000000 0.0807492227756604
0.1034488454000000 0.0751334179000000 0.0811737510775943
0.1034488454000000 0.0751334179000000 0.0815982793795283
0.1034488454000000 0.0751334179000000 0.0820228076814623
0.1034488454000000 0.0751334179000000 0.0824473359833962
0.1034488454000000 0.0751334179000000 0.0828718642853302
0.1034488454000000 0.0751334179000000 0.0832963925872642
0.1034488454000000 0.0751334179000000 0.0837209208891981
0.1034488454000000 0.0751334179000000 0.0841454491911321
0.1034488454000000 0.0751334179000000 0.0845699774930660
0.1034488454000000 0.0751334179000000 0.0849945057950000
0.1034488454000000 0.0751334179000000 0.0854190340969340
0.1034488454000000 0.0751334179000000 0.0858435623988679
0.1034488454000000 0.0751334179000000 0.0862680907008019
0.1034488454000000 0.0751334179000000 0.0866926190027358
0.1034488454000000 0.0751334179000000 0.0871171473046698
0.1034488454000000 0.0751334179000000 0.0875416756066038
0.1034488454000000 0.0751334179000000 0.0879662039085377
0.1034488454000000 0.0751334179000000 0.0883907322104717
0.1034488454000000 0.0751334179000000 0.0888152605124057
0.1034488454000000 0.0751334179000000 0.0892397888143396
0.1034488454000000 0.0751334179000000 0.0896643171162736
0.1034488454000000 0.0751334179000000 0.0900888454182076
0.1034488454000000 0.0751334179000000 0.0905133737201415
0.1034488454000000 0.0751334179000000 0.0909379020220755
0.1034488454000000 0.0751334179000000 0.0913624303240094
0.1034488454000000 0.0751334179000000 0.0917869586259434
0.1034488454000000 0.0751334179000000 0.0922114869278774
0.1034488454000000 0.0751334179000000 0.0926360152298113
0.1034488454000000 0.0751334179000000 0.0930605435317453
0.1034488454000000 0.0751334179000000 0.0934850718336792
0.1034488454000000 0.0751334179000000 0.0939096001356132
0.1034488454000000 0.0751334179000000 0.0943341284375472
0.1034488454000000 0.0751334179000000 0.0947586567394811
0.1034488454000000 0.0751334179000000 0.0951831850414151
0.1034488454000000 0.0751334179000000 0.0956077133433491
0.1034488454000000 0.0751334179000000 0.0960322416452830
0.1034488454000000 0.0751334179000000 0.0964567699472170
0.1034488454000000 0.0751334179000000 0.0968812982491509
0.1034488454000000 0.0751334179000000 0.0973058265510849
0.1034488454000000 0.0751334179000000 0.0977303548530189
0.1034488454000000 0.0751334179000000 0.0981548831549528
0.1034488454000000 0.0751334179000000 0.0985794114568868
0.1034488454000000 0.0751334179000000 0.0990039397588208
0.1034488454000000 0.0751334179000000 0.0994284680607547
0.1034488454000000 0.0751334179000000 0.0998529963626887
0.1034488454000000 0.0751334179000000 0.1002775246646226
0.1034488454000000 0.0751334179000000 0.1007020529665566
0.1034488454000000 0.0751334179000000 0.1011265812684906
0.1034488454000000 0.0751334179000000 0.1015511095704245
0.1034488454000000 0.0751334179000000 0.1019756378723585
0.1034488454000000 0.0751334179000000 0.1024001661742925
0.1034488454000000 0.0751334179000000 0.1028246944762264
0.1034488454000000 0.0751334179000000 0.1032492227781604
0.1034488454000000 0.0751334179000000 0.1036737510800943
0.1034488454000000 0.0751334179000000 0.1040982793820283
0.1034488454000000 0.0751334179000000 0.1045228076839623
0.1034488454000000 0.0751334179000000 0.1049473359858962
0.1034488454000000 0.0751334179000000 0.1053718642878302
0.1034488454000000 0.0751334179000000 0.1057963925897641
0.1034488454000000 0.0751334179000000 0.1062209208916981
0.1034488454000000 0.0751334179000000 0.1066454491936321
0.1034488454000000 0.0751334179000000 0.1070699774955660
0.1034488454000000 0.0751334179000000 0.1074945057975000
0.1034488454000000 0.0751334179000000 0.1079190340994340
0.1034488454000000 0.0751334179000000 0.1083435624013679
0.1034488454000000 0.0751334179000000 0.1087680907033019
0.1034488454000000 0.0751334179000000 0.1091926190052359
0.1034488454000000 0.0751334179000000 0.1096171473071698
0.1034488454000000 0.0751334179000000 0.1100416756091038
0.1034488454000000 0.0751334179000000 0.1104662039110377
0.1034488454000000 0.0751334179000000 0.1108907322129717
0.1034488454000000 0.0751334179000000 0.1113152605149056
0.1034488454000000 0.0751334179000000 0.1117397888168396
0.1034488454000000 0.0751334179000000 0.1121643171187736
0.1034488454000000 0.0751334179000000 0.1125888454207075
0.1034488454000000 0.0751334179000000 0.1130133737226415
0.1034488454000000 0.0751334179000000 0.1134379020245755
0.1034488454000000 0.0751334179000000 0.1138624303265094
0.1034488454000000 0.0751334179000000 0.1142869586284434
0.1034488454000000 0.0751334179000000 0.1147114869303774
0.1034488454000000 0.0751334179000000 0.1151360152323113
0.1034488454000000 0.0751334179000000 0.1155605435342453
0.1034488454000000 0.0751334179000000 0.1159850718361792
0.1034488454000000 0.0751334179000000 0.1164096001381132
0.1034488454000000 0.0751334179000000 0.1168341284400472
0.1034488454000000 0.0751334179000000 0.1172586567419811
0.1034488454000000 0.0751334179000000 0.1176831850439151
0.1034488454000000 0.0751334179000000 0.1181077133458490
0.1034488454000000 0.0751334179000000 0.1185322416477830
0.1034488454000000 0.0751334179000000 0.1189567699497170
0.1034488454000000 0.0751334179000000 0.1193812982516509
0.1034488454000000 0.0751334179000000 0.1198058265535849
0.1034488454000000 0.0751334179000000 0.1202303548555189
0.1034488454000000 0.0751334179000000 0.1206548831574528
0.1034488454000000 0.0751334179000000 0.1210794114593868
0.1034488454000000 0.0751334179000000 0.1215039397613208
0.1034488454000000 0.0751334179000000 0.1219284680632547
0.1034488454000000 0.0751334179000000 0.1223529963651887
0.1034488454000000 0.0751334179000000 0.1227775246671226
0.1034488454000000 0.0751334179000000 0.1232020529690566
0.1034488454000000 0.0751334179000000 0.1236265812709905
0.1034488454000000 0.0751334179000000 0.1240511095729245
0.1034488454000000 0.0751334179000000 0.1244756378748585
0.1034488454000000 0.0751334179000000 0.1249001661767924
0.1034488454000000 0.0751334179000000 0.1253246944787264
0.1034488454000000 0.0751334179000000 0.1257492227806604
0.1034488454000000 0.0751334179000000 0.1261737510825943
0.1034488454000000 0.0751334179000000 0.1265982793845283
0.1034488454000000 0.0751334179000000 0.1270228076864623
0.1034488454000000 0.0751334179000000 0.1274473359883962
0.1034488454000000 0.0751334179000000 0.1278718642903302
0.1034488454000000 0.0751334179000000 0.1282963925922641
0.1034488454000000 0.0751334179000000 0.1287209208941981
0.1034488454000000 0.0751334179000000 0.1291454491961321
0.1034488454000000 0.0751334179000000 0.1295699774980660
0.1034488454000000 0.0751334179000000 0.1299945058000000
0.1034488454000000 0.0757665179000000 0.0399945057900000
0.1034488454000000 0.0757665179000000 0.0404190340919340
0.1034488454000000 0.0757665179000000 0.0408435623938679
0.1034488454000000 0.0757665179000000 0.0412680906958019
0.1034488454000000 0.0757665179000000 0.0416926189977359
0.1034488454000000 0.0757665179000000 0.0421171472996698
0.1034488454000000 0.0757665179000000 0.0425416756016038
0.1034488454000000 0.0757665179000000 0.0429662039035377
0.1034488454000000 0.0757665179000000 0.0433907322054717
0.1034488454000000 0.0757665179000000 0.0438152605074057
0.1034488454000000 0.0757665179000000 0.0442397888093396
0.1034488454000000 0.0757665179000000 0.0446643171112736
0.1034488454000000 0.0757665179000000 0.0450888454132075
0.1034488454000000 0.0757665179000000 0.0455133737151415
0.1034488454000000 0.0757665179000000 0.0459379020170755
0.1034488454000000 0.0757665179000000 0.0463624303190094
0.1034488454000000 0.0757665179000000 0.0467869586209434
0.1034488454000000 0.0757665179000000 0.0472114869228774
0.1034488454000000 0.0757665179000000 0.0476360152248113
0.1034488454000000 0.0757665179000000 0.0480605435267453
0.1034488454000000 0.0757665179000000 0.0484850718286792
0.1034488454000000 0.0757665179000000 0.0489096001306132
0.1034488454000000 0.0757665179000000 0.0493341284325472
0.1034488454000000 0.0757665179000000 0.0497586567344811
0.1034488454000000 0.0757665179000000 0.0501831850364151
0.1034488454000000 0.0757665179000000 0.0506077133383491
0.1034488454000000 0.0757665179000000 0.0510322416402830
0.1034488454000000 0.0757665179000000 0.0514567699422170
0.1034488454000000 0.0757665179000000 0.0518812982441509
0.1034488454000000 0.0757665179000000 0.0523058265460849
0.1034488454000000 0.0757665179000000 0.0527303548480189
0.1034488454000000 0.0757665179000000 0.0531548831499528
0.1034488454000000 0.0757665179000000 0.0535794114518868
0.1034488454000000 0.0757665179000000 0.0540039397538208
0.1034488454000000 0.0757665179000000 0.0544284680557547
0.1034488454000000 0.0757665179000000 0.0548529963576887
0.1034488454000000 0.0757665179000000 0.0552775246596226
0.1034488454000000 0.0757665179000000 0.0557020529615566
0.1034488454000000 0.0757665179000000 0.0561265812634906
0.1034488454000000 0.0757665179000000 0.0565511095654245
0.1034488454000000 0.0757665179000000 0.0569756378673585
0.1034488454000000 0.0757665179000000 0.0574001661692925
0.1034488454000000 0.0757665179000000 0.0578246944712264
0.1034488454000000 0.0757665179000000 0.0582492227731604
0.1034488454000000 0.0757665179000000 0.0586737510750943
0.1034488454000000 0.0757665179000000 0.0590982793770283
0.1034488454000000 0.0757665179000000 0.0595228076789623
0.1034488454000000 0.0757665179000000 0.0599473359808962
0.1034488454000000 0.0757665179000000 0.0603718642828302
0.1034488454000000 0.0757665179000000 0.0607963925847642
0.1034488454000000 0.0757665179000000 0.0612209208866981
0.1034488454000000 0.0757665179000000 0.0616454491886321
0.1034488454000000 0.0757665179000000 0.0620699774905660
0.1034488454000000 0.0757665179000000 0.0624945057925000
0.1034488454000000 0.0757665179000000 0.0629190340944340
0.1034488454000000 0.0757665179000000 0.0633435623963679
0.1034488454000000 0.0757665179000000 0.0637680906983019
0.1034488454000000 0.0757665179000000 0.0641926190002358
0.1034488454000000 0.0757665179000000 0.0646171473021698
0.1034488454000000 0.0757665179000000 0.0650416756041038
0.1034488454000000 0.0757665179000000 0.0654662039060377
0.1034488454000000 0.0757665179000000 0.0658907322079717
0.1034488454000000 0.0757665179000000 0.0663152605099057
0.1034488454000000 0.0757665179000000 0.0667397888118396
0.1034488454000000 0.0757665179000000 0.0671643171137736
0.1034488454000000 0.0757665179000000 0.0675888454157075
0.1034488454000000 0.0757665179000000 0.0680133737176415
0.1034488454000000 0.0757665179000000 0.0684379020195755
0.1034488454000000 0.0757665179000000 0.0688624303215094
0.1034488454000000 0.0757665179000000 0.0692869586234434
0.1034488454000000 0.0757665179000000 0.0697114869253774
0.1034488454000000 0.0757665179000000 0.0701360152273113
0.1034488454000000 0.0757665179000000 0.0705605435292453
0.1034488454000000 0.0757665179000000 0.0709850718311792
0.1034488454000000 0.0757665179000000 0.0714096001331132
0.1034488454000000 0.0757665179000000 0.0718341284350472
0.1034488454000000 0.0757665179000000 0.0722586567369811
0.1034488454000000 0.0757665179000000 0.0726831850389151
0.1034488454000000 0.0757665179000000 0.0731077133408491
0.1034488454000000 0.0757665179000000 0.0735322416427830
0.1034488454000000 0.0757665179000000 0.0739567699447170
0.1034488454000000 0.0757665179000000 0.0743812982466509
0.1034488454000000 0.0757665179000000 0.0748058265485849
0.1034488454000000 0.0757665179000000 0.0752303548505189
0.1034488454000000 0.0757665179000000 0.0756548831524528
0.1034488454000000 0.0757665179000000 0.0760794114543868
0.1034488454000000 0.0757665179000000 0.0765039397563207
0.1034488454000000 0.0757665179000000 0.0769284680582547
0.1034488454000000 0.0757665179000000 0.0773529963601887
0.1034488454000000 0.0757665179000000 0.0777775246621226
0.1034488454000000 0.0757665179000000 0.0782020529640566
0.1034488454000000 0.0757665179000000 0.0786265812659906
0.1034488454000000 0.0757665179000000 0.0790511095679245
0.1034488454000000 0.0757665179000000 0.0794756378698585
0.1034488454000000 0.0757665179000000 0.0799001661717924
0.1034488454000000 0.0757665179000000 0.0803246944737264
0.1034488454000000 0.0757665179000000 0.0807492227756604
0.1034488454000000 0.0757665179000000 0.0811737510775943
0.1034488454000000 0.0757665179000000 0.0815982793795283
0.1034488454000000 0.0757665179000000 0.0820228076814623
0.1034488454000000 0.0757665179000000 0.0824473359833962
0.1034488454000000 0.0757665179000000 0.0828718642853302
0.1034488454000000 0.0757665179000000 0.0832963925872642
0.1034488454000000 0.0757665179000000 0.0837209208891981
0.1034488454000000 0.0757665179000000 0.0841454491911321
0.1034488454000000 0.0757665179000000 0.0845699774930660
0.1034488454000000 0.0757665179000000 0.0849945057950000
0.1034488454000000 0.0757665179000000 0.0854190340969340
0.1034488454000000 0.0757665179000000 0.0858435623988679
0.1034488454000000 0.0757665179000000 0.0862680907008019
0.1034488454000000 0.0757665179000000 0.0866926190027358
0.1034488454000000 0.0757665179000000 0.0871171473046698
0.1034488454000000 0.0757665179000000 0.0875416756066038
0.1034488454000000 0.0757665179000000 0.0879662039085377
0.1034488454000000 0.0757665179000000 0.0883907322104717
0.1034488454000000 0.0757665179000000 0.0888152605124057
0.1034488454000000 0.0757665179000000 0.0892397888143396
0.1034488454000000 0.0757665179000000 0.0896643171162736
0.1034488454000000 0.0757665179000000 0.0900888454182076
0.1034488454000000 0.0757665179000000 0.0905133737201415
0.1034488454000000 0.0757665179000000 0.0909379020220755
0.1034488454000000 0.0757665179000000 0.0913624303240094
0.1034488454000000 0.0757665179000000 0.0917869586259434
0.1034488454000000 0.0757665179000000 0.0922114869278774
0.1034488454000000 0.0757665179000000 0.0926360152298113
0.1034488454000000 0.0757665179000000 0.0930605435317453
0.1034488454000000 0.0757665179000000 0.0934850718336792
0.1034488454000000 0.0757665179000000 0.0939096001356132
0.1034488454000000 0.0757665179000000 0.0943341284375472
0.1034488454000000 0.0757665179000000 0.0947586567394811
0.1034488454000000 0.0757665179000000 0.0951831850414151
0.1034488454000000 0.0757665179000000 0.0956077133433491
0.1034488454000000 0.0757665179000000 0.0960322416452830
0.1034488454000000 0.0757665179000000 0.0964567699472170
0.1034488454000000 0.0757665179000000 0.0968812982491509
0.1034488454000000 0.0757665179000000 0.0973058265510849
0.1034488454000000 0.0757665179000000 0.0977303548530189
0.1034488454000000 0.0757665179000000 0.0981548831549528
0.1034488454000000 0.0757665179000000 0.0985794114568868
0.1034488454000000 0.0757665179000000 0.0990039397588208
0.1034488454000000 0.0757665179000000 0.0994284680607547
0.1034488454000000 0.0757665179000000 0.0998529963626887
0.1034488454000000 0.0757665179000000 0.1002775246646226
0.1034488454000000 0.0757665179000000 0.1007020529665566
0.1034488454000000 0.0757665179000000 0.1011265812684906
0.1034488454000000 0.0757665179000000 0.1015511095704245
0.1034488454000000 0.0757665179000000 0.1019756378723585
0.1034488454000000 0.0757665179000000 0.1024001661742925
0.1034488454000000 0.0757665179000000 0.1028246944762264
0.1034488454000000 0.0757665179000000 0.1032492227781604
0.1034488454000000 0.0757665179000000 0.1036737510800943
0.1034488454000000 0.0757665179000000 0.1040982793820283
0.1034488454000000 0.0757665179000000 0.1045228076839623
0.1034488454000000 0.0757665179000000 0.1049473359858962
0.1034488454000000 0.0757665179000000 0.1053718642878302
0.1034488454000000 0.0757665179000000 0.1057963925897641
0.1034488454000000 0.0757665179000000 0.1062209208916981
0.1034488454000000 0.0757665179000000 0.1066454491936321
0.1034488454000000 0.0757665179000000 0.1070699774955660
0.1034488454000000 0.0757665179000000 0.1074945057975000
0.1034488454000000 0.0757665179000000 0.1079190340994340
0.1034488454000000 0.0757665179000000 0.1083435624013679
0.1034488454000000 0.0757665179000000 0.1087680907033019
0.1034488454000000 0.0757665179000000 0.1091926190052359
0.1034488454000000 0.0757665179000000 0.1096171473071698
0.1034488454000000 0.0757665179000000 0.1100416756091038
0.1034488454000000 0.0757665179000000 0.1104662039110377
0.1034488454000000 0.0757665179000000 0.1108907322129717
0.1034488454000000 0.0757665179000000 0.1113152605149056
0.1034488454000000 0.0757665179000000 0.1117397888168396
0.1034488454000000 0.0757665179000000 0.1121643171187736
0.1034488454000000 0.0757665179000000 0.1125888454207075
0.1034488454000000 0.0757665179000000 0.1130133737226415
0.1034488454000000 0.0757665179000000 0.1134379020245755
0.1034488454000000 0.0757665179000000 0.1138624303265094
0.1034488454000000 0.0757665179000000 0.1142869586284434
0.1034488454000000 0.0757665179000000 0.1147114869303774
0.1034488454000000 0.0757665179000000 0.1151360152323113
0.1034488454000000 0.0757665179000000 0.1155605435342453
0.1034488454000000 0.0757665179000000 0.1159850718361792
0.1034488454000000 0.0757665179000000 0.1164096001381132
0.1034488454000000 0.0757665179000000 0.1168341284400472
0.1034488454000000 0.0757665179000000 0.1172586567419811
0.1034488454000000 0.0757665179000000 0.1176831850439151
0.1034488454000000 0.0757665179000000 0.1181077133458490
0.1034488454000000 0.0757665179000000 0.1185322416477830
0.1034488454000000 0.0757665179000000 0.1189567699497170
0.1034488454000000 0.0757665179000000 0.1193812982516509
0.1034488454000000 0.0757665179000000 0.1198058265535849
0.1034488454000000 0.0757665179000000 0.1202303548555189
0.1034488454000000 0.0757665179000000 0.1206548831574528
0.1034488454000000 0.0757665179000000 0.1210794114593868
0.1034488454000000 0.0757665179000000 0.1215039397613208
0.1034488454000000 0.0757665179000000 0.1219284680632547
0.1034488454000000 0.0757665179000000 0.1223529963651887
0.1034488454000000 0.0757665179000000 0.1227775246671226
0.1034488454000000 0.0757665179000000 0.1232020529690566
0.1034488454000000 0.0757665179000000 0.1236265812709905
0.1034488454000000 0.0757665179000000 0.1240511095729245
0.1034488454000000 0.0757665179000000 0.1244756378748585
0.1034488454000000 0.0757665179000000 0.1249001661767924
0.1034488454000000 0.0757665179000000 0.1253246944787264
0.1034488454000000 0.0757665179000000 0.1257492227806604
0.1034488454000000 0.0757665179000000 0.1261737510825943
0.1034488454000000 0.0757665179000000 0.1265982793845283
0.1034488454000000 0.0757665179000000 0.1270228076864623
0.1034488454000000 0.0757665179000000 0.1274473359883962
0.1034488454000000 0.0757665179000000 0.1278718642903302
0.1034488454000000 0.0757665179000000 0.1282963925922641
0.1034488454000000 0.0757665179000000 0.1287209208941981
0.1034488454000000 0.0757665179000000 0.1291454491961321
0.1034488454000000 0.0757665179000000 0.1295699774980660
0.1034488454000000 0.0757665179000000 0.1299945058000000
