-0.0047625000000000 -0.0322740100300000 -0.0000000000000060
-0.0047625000000000 -0.0322740100300000 0.0000761999999955
-0.0047625000000000 -0.0322740100300000 0.0001523999999970
-0.0047625000000000 -0.0322740100300000 0.0002285999999985
-0.0047625000000000 -0.0322740100300000 0.0003048000000000
-0.0047010483870968 -0.0322740100300000 -0.0000000000000060
-0.0047010483870968 -0.0322740100300000 0.0000761999999955
-0.0047010483870968 -0.0322740100300000 0.0001523999999970
-0.0047010483870968 -0.0322740100300000 0.0002285999999985
-0.0047010483870968 -0.0322740100300000 0.0003048000000000
-0.0046395967741935 -0.0322740100300000 -0.0000000000000060
-0.0046395967741935 -0.0322740100300000 0.0000761999999955
-0.0046395967741935 -0.0322740100300000 0.0001523999999970
-0.0046395967741935 -0.0322740100300000 0.0002285999999985
-0.0046395967741935 -0.0322740100300000 0.0003048000000000
-0.0045781451612903 -0.0322740100300000 -0.0000000000000060
-0.0045781451612903 -0.0322740100300000 0.0000761999999955
-0.0045781451612903 -0.0322740100300000 0.0001523999999970
-0.0045781451612903 -0.0322740100300000 0.0002285999999985
-0.0045781451612903 -0.0322740100300000 0.0003048000000000
-0.0045166935483871 -0.0322740100300000 -0.0000000000000060
-0.0045166935483871 -0.0322740100300000 0.0000761999999955
-0.0045166935483871 -0.0322740100300000 0.0001523999999970
-0.0045166935483871 -0.0322740100300000 0.0002285999999985
-0.0045166935483871 -0.0322740100300000 0.0003048000000000
-0.0044552419354839 -0.0322740100300000 -0.0000000000000060
-0.0044552419354839 -0.0322740100300000 0.0000761999999955
-0.0044552419354839 -0.0322740100300000 0.0001523999999970
-0.0044552419354839 -0.0322740100300000 0.0002285999999985
-0.0044552419354839 -0.0322740100300000 0.0003048000000000
-0.0043937903225806 -0.0322740100300000 -0.0000000000000060
-0.0043937903225806 -0.0322740100300000 0.0000761999999955
-0.0043937903225806 -0.0322740100300000 0.0001523999999970
-0.0043937903225806 -0.0322740100300000 0.0002285999999985
-0.0043937903225806 -0.0322740100300000 0.0003048000000000
-0.0043323387096774 -0.0322740100300000 -0.0000000000000060
-0.0043323387096774 -0.0322740100300000 0.0000761999999955
-0.0043323387096774 -0.0322740100300000 0.0001523999999970
-0.0043323387096774 -0.0322740100300000 0.0002285999999985
-0.0043323387096774 -0.0322740100300000 0.0003048000000000
-0.0042708870967742 -0.0322740100300000 -0.0000000000000060
-0.0042708870967742 -0.0322740100300000 0.0000761999999955
-0.0042708870967742 -0.0322740100300000 0.0001523999999970
-0.0042708870967742 -0.0322740100300000 0.0002285999999985
-0.0042708870967742 -0.0322740100300000 0.0003048000000000
-0.0042094354838710 -0.0322740100300000 -0.0000000000000060
-0.0042094354838710 -0.0322740100300000 0.0000761999999955
-0.0042094354838710 -0.0322740100300000 0.0001523999999970
-0.0042094354838710 -0.0322740100300000 0.0002285999999985
-0.0042094354838710 -0.0322740100300000 0.0003048000000000
-0.0041479838709677 -0.0322740100300000 -0.0000000000000060
-0.0041479838709677 -0.0322740100300000 0.0000761999999955
-0.0041479838709677 -0.0322740100300000 0.0001523999999970
-0.0041479838709677 -0.0322740100300000 0.0002285999999985
-0.0041479838709677 -0.0322740100300000 0.0003048000000000
-0.0040865322580645 -0.0322740100300000 -0.0000000000000060
-0.0040865322580645 -0.0322740100300000 0.0000761999999955
-0.0040865322580645 -0.0322740100300000 0.0001523999999970
-0.0040865322580645 -0.0322740100300000 0.0002285999999985
-0.0040865322580645 -0.0322740100300000 0.0003048000000000
-0.0040250806451613 -0.0322740100300000 -0.0000000000000060
-0.0040250806451613 -0.0322740100300000 0.0000761999999955
-0.0040250806451613 -0.0322740100300000 0.0001523999999970
-0.0040250806451613 -0.0322740100300000 0.0002285999999985
-0.0040250806451613 -0.0322740100300000 0.0003048000000000
-0.0039636290322581 -0.0322740100300000 -0.0000000000000060
-0.0039636290322581 -0.0322740100300000 0.0000761999999955
-0.0039636290322581 -0.0322740100300000 0.0001523999999970
-0.0039636290322581 -0.0322740100300000 0.0002285999999985
-0.0039636290322581 -0.0322740100300000 0.0003048000000000
-0.0039021774193548 -0.0322740100300000 -0.0000000000000060
-0.0039021774193548 -0.0322740100300000 0.0000761999999955
-0.0039021774193548 -0.0322740100300000 0.0001523999999970
-0.0039021774193548 -0.0322740100300000 0.0002285999999985
-0.0039021774193548 -0.0322740100300000 0.0003048000000000
-0.0038407258064516 -0.0322740100300000 -0.0000000000000060
-0.0038407258064516 -0.0322740100300000 0.0000761999999955
-0.0038407258064516 -0.0322740100300000 0.0001523999999970
-0.0038407258064516 -0.0322740100300000 0.0002285999999985
-0.0038407258064516 -0.0322740100300000 0.0003048000000000
-0.0037792741935484 -0.0322740100300000 -0.0000000000000060
-0.0037792741935484 -0.0322740100300000 0.0000761999999955
-0.0037792741935484 -0.0322740100300000 0.0001523999999970
-0.0037792741935484 -0.0322740100300000 0.0002285999999985
-0.0037792741935484 -0.0322740100300000 0.0003048000000000
-0.0037178225806452 -0.0322740100300000 -0.0000000000000060
-0.0037178225806452 -0.0322740100300000 0.0000761999999955
-0.0037178225806452 -0.0322740100300000 0.0001523999999970
-0.0037178225806452 -0.0322740100300000 0.0002285999999985
-0.0037178225806452 -0.0322740100300000 0.0003048000000000
-0.0036563709677419 -0.0322740100300000 -0.0000000000000060
-0.0036563709677419 -0.0322740100300000 0.0000761999999955
-0.0036563709677419 -0.0322740100300000 0.0001523999999970
-0.0036563709677419 -0.0322740100300000 0.0002285999999985
-0.0036563709677419 -0.0322740100300000 0.0003048000000000
-0.0035949193548387 -0.0322740100300000 -0.0000000000000060
-0.0035949193548387 -0.0322740100300000 0.0000761999999955
-0.0035949193548387 -0.0322740100300000 0.0001523999999970
-0.0035949193548387 -0.0322740100300000 0.0002285999999985
-0.0035949193548387 -0.0322740100300000 0.0003048000000000
-0.0035334677419355 -0.0322740100300000 -0.0000000000000060
-0.0035334677419355 -0.0322740100300000 0.0000761999999955
-0.0035334677419355 -0.0322740100300000 0.0001523999999970
-0.0035334677419355 -0.0322740100300000 0.0002285999999985
-0.0035334677419355 -0.0322740100300000 0.0003048000000000
-0.0034720161290323 -0.0322740100300000 -0.0000000000000060
-0.0034720161290323 -0.0322740100300000 0.0000761999999955
-0.0034720161290323 -0.0322740100300000 0.0001523999999970
-0.0034720161290323 -0.0322740100300000 0.0002285999999985
-0.0034720161290323 -0.0322740100300000 0.0003048000000000
-0.0034105645161290 -0.0322740100300000 -0.0000000000000060
-0.0034105645161290 -0.0322740100300000 0.0000761999999955
-0.0034105645161290 -0.0322740100300000 0.0001523999999970
-0.0034105645161290 -0.0322740100300000 0.0002285999999985
-0.0034105645161290 -0.0322740100300000 0.0003048000000000
-0.0033491129032258 -0.0322740100300000 -0.0000000000000060
-0.0033491129032258 -0.0322740100300000 0.0000761999999955
-0.0033491129032258 -0.0322740100300000 0.0001523999999970
-0.0033491129032258 -0.0322740100300000 0.0002285999999985
-0.0033491129032258 -0.0322740100300000 0.0003048000000000
-0.0032876612903226 -0.0322740100300000 -0.0000000000000060
-0.0032876612903226 -0.0322740100300000 0.0000761999999955
-0.0032876612903226 -0.0322740100300000 0.0001523999999970
-0.0032876612903226 -0.0322740100300000 0.0002285999999985
-0.0032876612903226 -0.0322740100300000 0.0003048000000000
-0.0032262096774194 -0.0322740100300000 -0.0000000000000060
-0.0032262096774194 -0.0322740100300000 0.0000761999999955
-0.0032262096774194 -0.0322740100300000 0.0001523999999970
-0.0032262096774194 -0.0322740100300000 0.0002285999999985
-0.0032262096774194 -0.0322740100300000 0.0003048000000000
-0.0031647580645161 -0.0322740100300000 -0.0000000000000060
-0.0031647580645161 -0.0322740100300000 0.0000761999999955
-0.0031647580645161 -0.0322740100300000 0.0001523999999970
-0.0031647580645161 -0.0322740100300000 0.0002285999999985
-0.0031647580645161 -0.0322740100300000 0.0003048000000000
-0.0031033064516129 -0.0322740100300000 -0.0000000000000060
-0.0031033064516129 -0.0322740100300000 0.0000761999999955
-0.0031033064516129 -0.0322740100300000 0.0001523999999970
-0.0031033064516129 -0.0322740100300000 0.0002285999999985
-0.0031033064516129 -0.0322740100300000 0.0003048000000000
-0.0030418548387097 -0.0322740100300000 -0.0000000000000060
-0.0030418548387097 -0.0322740100300000 0.0000761999999955
-0.0030418548387097 -0.0322740100300000 0.0001523999999970
-0.0030418548387097 -0.0322740100300000 0.0002285999999985
-0.0030418548387097 -0.0322740100300000 0.0003048000000000
-0.0029804032258065 -0.0322740100300000 -0.0000000000000060
-0.0029804032258065 -0.0322740100300000 0.0000761999999955
-0.0029804032258065 -0.0322740100300000 0.0001523999999970
-0.0029804032258065 -0.0322740100300000 0.0002285999999985
-0.0029804032258065 -0.0322740100300000 0.0003048000000000
-0.0029189516129032 -0.0322740100300000 -0.0000000000000060
-0.0029189516129032 -0.0322740100300000 0.0000761999999955
-0.0029189516129032 -0.0322740100300000 0.0001523999999970
-0.0029189516129032 -0.0322740100300000 0.0002285999999985
-0.0029189516129032 -0.0322740100300000 0.0003048000000000
-0.0028575000000000 -0.0322740100300000 -0.0000000000000060
-0.0028575000000000 -0.0322740100300000 0.0000761999999955
-0.0028575000000000 -0.0322740100300000 0.0001523999999970
-0.0028575000000000 -0.0322740100300000 0.0002285999999985
-0.0028575000000000 -0.0322740100300000 0.0003048000000000
-0.0027960483870968 -0.0322740100300000 -0.0000000000000060
-0.0027960483870968 -0.0322740100300000 0.0000761999999955
-0.0027960483870968 -0.0322740100300000 0.0001523999999970
-0.0027960483870968 -0.0322740100300000 0.0002285999999985
-0.0027960483870968 -0.0322740100300000 0.0003048000000000
-0.0027345967741935 -0.0322740100300000 -0.0000000000000060
-0.0027345967741935 -0.0322740100300000 0.0000761999999955
-0.0027345967741935 -0.0322740100300000 0.0001523999999970
-0.0027345967741935 -0.0322740100300000 0.0002285999999985
-0.0027345967741935 -0.0322740100300000 0.0003048000000000
-0.0026731451612903 -0.0322740100300000 -0.0000000000000060
-0.0026731451612903 -0.0322740100300000 0.0000761999999955
-0.0026731451612903 -0.0322740100300000 0.0001523999999970
-0.0026731451612903 -0.0322740100300000 0.0002285999999985
-0.0026731451612903 -0.0322740100300000 0.0003048000000000
-0.0026116935483871 -0.0322740100300000 -0.0000000000000060
-0.0026116935483871 -0.0322740100300000 0.0000761999999955
-0.0026116935483871 -0.0322740100300000 0.0001523999999970
-0.0026116935483871 -0.0322740100300000 0.0002285999999985
-0.0026116935483871 -0.0322740100300000 0.0003048000000000
-0.0025502419354839 -0.0322740100300000 -0.0000000000000060
-0.0025502419354839 -0.0322740100300000 0.0000761999999955
-0.0025502419354839 -0.0322740100300000 0.0001523999999970
-0.0025502419354839 -0.0322740100300000 0.0002285999999985
-0.0025502419354839 -0.0322740100300000 0.0003048000000000
-0.0024887903225806 -0.0322740100300000 -0.0000000000000060
-0.0024887903225806 -0.0322740100300000 0.0000761999999955
-0.0024887903225806 -0.0322740100300000 0.0001523999999970
-0.0024887903225806 -0.0322740100300000 0.0002285999999985
-0.0024887903225806 -0.0322740100300000 0.0003048000000000
-0.0024273387096774 -0.0322740100300000 -0.0000000000000060
-0.0024273387096774 -0.0322740100300000 0.0000761999999955
-0.0024273387096774 -0.0322740100300000 0.0001523999999970
-0.0024273387096774 -0.0322740100300000 0.0002285999999985
-0.0024273387096774 -0.0322740100300000 0.0003048000000000
-0.0023658870967742 -0.0322740100300000 -0.0000000000000060
-0.0023658870967742 -0.0322740100300000 0.0000761999999955
-0.0023658870967742 -0.0322740100300000 0.0001523999999970
-0.0023658870967742 -0.0322740100300000 0.0002285999999985
-0.0023658870967742 -0.0322740100300000 0.0003048000000000
-0.0023044354838710 -0.0322740100300000 -0.0000000000000060
-0.0023044354838710 -0.0322740100300000 0.0000761999999955
-0.0023044354838710 -0.0322740100300000 0.0001523999999970
-0.0023044354838710 -0.0322740100300000 0.0002285999999985
-0.0023044354838710 -0.0322740100300000 0.0003048000000000
-0.0022429838709677 -0.0322740100300000 -0.0000000000000060
-0.0022429838709677 -0.0322740100300000 0.0000761999999955
-0.0022429838709677 -0.0322740100300000 0.0001523999999970
-0.0022429838709677 -0.0322740100300000 0.0002285999999985
-0.0022429838709677 -0.0322740100300000 0.0003048000000000
-0.0021815322580645 -0.0322740100300000 -0.0000000000000060
-0.0021815322580645 -0.0322740100300000 0.0000761999999955
-0.0021815322580645 -0.0322740100300000 0.0001523999999970
-0.0021815322580645 -0.0322740100300000 0.0002285999999985
-0.0021815322580645 -0.0322740100300000 0.0003048000000000
-0.0021200806451613 -0.0322740100300000 -0.0000000000000060
-0.0021200806451613 -0.0322740100300000 0.0000761999999955
-0.0021200806451613 -0.0322740100300000 0.0001523999999970
-0.0021200806451613 -0.0322740100300000 0.0002285999999985
-0.0021200806451613 -0.0322740100300000 0.0003048000000000
-0.0020586290322581 -0.0322740100300000 -0.0000000000000060
-0.0020586290322581 -0.0322740100300000 0.0000761999999955
-0.0020586290322581 -0.0322740100300000 0.0001523999999970
-0.0020586290322581 -0.0322740100300000 0.0002285999999985
-0.0020586290322581 -0.0322740100300000 0.0003048000000000
-0.0019971774193548 -0.0322740100300000 -0.0000000000000060
-0.0019971774193548 -0.0322740100300000 0.0000761999999955
-0.0019971774193548 -0.0322740100300000 0.0001523999999970
-0.0019971774193548 -0.0322740100300000 0.0002285999999985
-0.0019971774193548 -0.0322740100300000 0.0003048000000000
-0.0019357258064516 -0.0322740100300000 -0.0000000000000060
-0.0019357258064516 -0.0322740100300000 0.0000761999999955
-0.0019357258064516 -0.0322740100300000 0.0001523999999970
-0.0019357258064516 -0.0322740100300000 0.0002285999999985
-0.0019357258064516 -0.0322740100300000 0.0003048000000000
-0.0018742741935484 -0.0322740100300000 -0.0000000000000060
-0.0018742741935484 -0.0322740100300000 0.0000761999999955
-0.0018742741935484 -0.0322740100300000 0.0001523999999970
-0.0018742741935484 -0.0322740100300000 0.0002285999999985
-0.0018742741935484 -0.0322740100300000 0.0003048000000000
-0.0018128225806452 -0.0322740100300000 -0.0000000000000060
-0.0018128225806452 -0.0322740100300000 0.0000761999999955
-0.0018128225806452 -0.0322740100300000 0.0001523999999970
-0.0018128225806452 -0.0322740100300000 0.0002285999999985
-0.0018128225806452 -0.0322740100300000 0.0003048000000000
-0.0017513709677419 -0.0322740100300000 -0.0000000000000060
-0.0017513709677419 -0.0322740100300000 0.0000761999999955
-0.0017513709677419 -0.0322740100300000 0.0001523999999970
-0.0017513709677419 -0.0322740100300000 0.0002285999999985
-0.0017513709677419 -0.0322740100300000 0.0003048000000000
-0.0016899193548387 -0.0322740100300000 -0.0000000000000060
-0.0016899193548387 -0.0322740100300000 0.0000761999999955
-0.0016899193548387 -0.0322740100300000 0.0001523999999970
-0.0016899193548387 -0.0322740100300000 0.0002285999999985
-0.0016899193548387 -0.0322740100300000 0.0003048000000000
-0.0016284677419355 -0.0322740100300000 -0.0000000000000060
-0.0016284677419355 -0.0322740100300000 0.0000761999999955
-0.0016284677419355 -0.0322740100300000 0.0001523999999970
-0.0016284677419355 -0.0322740100300000 0.0002285999999985
-0.0016284677419355 -0.0322740100300000 0.0003048000000000
-0.0015670161290323 -0.0322740100300000 -0.0000000000000060
-0.0015670161290323 -0.0322740100300000 0.0000761999999955
-0.0015670161290323 -0.0322740100300000 0.0001523999999970
-0.0015670161290323 -0.0322740100300000 0.0002285999999985
-0.0015670161290323 -0.0322740100300000 0.0003048000000000
-0.0015055645161290 -0.0322740100300000 -0.0000000000000060
-0.0015055645161290 -0.0322740100300000 0.0000761999999955
-0.0015055645161290 -0.0322740100300000 0.0001523999999970
-0.0015055645161290 -0.0322740100300000 0.0002285999999985
-0.0015055645161290 -0.0322740100300000 0.0003048000000000
-0.0014441129032258 -0.0322740100300000 -0.0000000000000060
-0.0014441129032258 -0.0322740100300000 0.0000761999999955
-0.0014441129032258 -0.0322740100300000 0.0001523999999970
-0.0014441129032258 -0.0322740100300000 0.0002285999999985
-0.0014441129032258 -0.0322740100300000 0.0003048000000000
-0.0013826612903226 -0.0322740100300000 -0.0000000000000060
-0.0013826612903226 -0.0322740100300000 0.0000761999999955
-0.0013826612903226 -0.0322740100300000 0.0001523999999970
-0.0013826612903226 -0.0322740100300000 0.0002285999999985
-0.0013826612903226 -0.0322740100300000 0.0003048000000000
-0.0013212096774194 -0.0322740100300000 -0.0000000000000060
-0.0013212096774194 -0.0322740100300000 0.0000761999999955
-0.0013212096774194 -0.0322740100300000 0.0001523999999970
-0.0013212096774194 -0.0322740100300000 0.0002285999999985
-0.0013212096774194 -0.0322740100300000 0.0003048000000000
-0.0012597580645161 -0.0322740100300000 -0.0000000000000060
-0.0012597580645161 -0.0322740100300000 0.0000761999999955
-0.0012597580645161 -0.0322740100300000 0.0001523999999970
-0.0012597580645161 -0.0322740100300000 0.0002285999999985
-0.0012597580645161 -0.0322740100300000 0.0003048000000000
-0.0011983064516129 -0.0322740100300000 -0.0000000000000060
-0.0011983064516129 -0.0322740100300000 0.0000761999999955
-0.0011983064516129 -0.0322740100300000 0.0001523999999970
-0.0011983064516129 -0.0322740100300000 0.0002285999999985
-0.0011983064516129 -0.0322740100300000 0.0003048000000000
-0.0011368548387097 -0.0322740100300000 -0.0000000000000060
-0.0011368548387097 -0.0322740100300000 0.0000761999999955
-0.0011368548387097 -0.0322740100300000 0.0001523999999970
-0.0011368548387097 -0.0322740100300000 0.0002285999999985
-0.0011368548387097 -0.0322740100300000 0.0003048000000000
-0.0010754032258065 -0.0322740100300000 -0.0000000000000060
-0.0010754032258065 -0.0322740100300000 0.0000761999999955
-0.0010754032258065 -0.0322740100300000 0.0001523999999970
-0.0010754032258065 -0.0322740100300000 0.0002285999999985
-0.0010754032258065 -0.0322740100300000 0.0003048000000000
-0.0010139516129032 -0.0322740100300000 -0.0000000000000060
-0.0010139516129032 -0.0322740100300000 0.0000761999999955
-0.0010139516129032 -0.0322740100300000 0.0001523999999970
-0.0010139516129032 -0.0322740100300000 0.0002285999999985
-0.0010139516129032 -0.0322740100300000 0.0003048000000000
-0.0009525000000000 -0.0322740100300000 -0.0000000000000060
-0.0009525000000000 -0.0322740100300000 0.0000761999999955
-0.0009525000000000 -0.0322740100300000 0.0001523999999970
-0.0009525000000000 -0.0322740100300000 0.0002285999999985
-0.0009525000000000 -0.0322740100300000 0.0003048000000000
-0.0008910483870968 -0.0322740100300000 -0.0000000000000060
-0.0008910483870968 -0.0322740100300000 0.0000761999999955
-0.0008910483870968 -0.0322740100300000 0.0001523999999970
-0.0008910483870968 -0.0322740100300000 0.0002285999999985
-0.0008910483870968 -0.0322740100300000 0.0003048000000000
-0.0008295967741935 -0.0322740100300000 -0.0000000000000060
-0.0008295967741935 -0.0322740100300000 0.0000761999999955
-0.0008295967741935 -0.0322740100300000 0.0001523999999970
-0.0008295967741935 -0.0322740100300000 0.0002285999999985
-0.0008295967741935 -0.0322740100300000 0.0003048000000000
-0.0007681451612903 -0.0322740100300000 -0.0000000000000060
-0.0007681451612903 -0.0322740100300000 0.0000761999999955
-0.0007681451612903 -0.0322740100300000 0.0001523999999970
-0.0007681451612903 -0.0322740100300000 0.0002285999999985
-0.0007681451612903 -0.0322740100300000 0.0003048000000000
-0.0007066935483871 -0.0322740100300000 -0.0000000000000060
-0.0007066935483871 -0.0322740100300000 0.0000761999999955
-0.0007066935483871 -0.0322740100300000 0.0001523999999970
-0.0007066935483871 -0.0322740100300000 0.0002285999999985
-0.0007066935483871 -0.0322740100300000 0.0003048000000000
-0.0006452419354839 -0.0322740100300000 -0.0000000000000060
-0.0006452419354839 -0.0322740100300000 0.0000761999999955
-0.0006452419354839 -0.0322740100300000 0.0001523999999970
-0.0006452419354839 -0.0322740100300000 0.0002285999999985
-0.0006452419354839 -0.0322740100300000 0.0003048000000000
-0.0005837903225806 -0.0322740100300000 -0.0000000000000060
-0.0005837903225806 -0.0322740100300000 0.0000761999999955
-0.0005837903225806 -0.0322740100300000 0.0001523999999970
-0.0005837903225806 -0.0322740100300000 0.0002285999999985
-0.0005837903225806 -0.0322740100300000 0.0003048000000000
-0.0005223387096774 -0.0322740100300000 -0.0000000000000060
-0.0005223387096774 -0.0322740100300000 0.0000761999999955
-0.0005223387096774 -0.0322740100300000 0.0001523999999970
-0.0005223387096774 -0.0322740100300000 0.0002285999999985
-0.0005223387096774 -0.0322740100300000 0.0003048000000000
-0.0004608870967742 -0.0322740100300000 -0.0000000000000060
-0.0004608870967742 -0.0322740100300000 0.0000761999999955
-0.0004608870967742 -0.0322740100300000 0.0001523999999970
-0.0004608870967742 -0.0322740100300000 0.0002285999999985
-0.0004608870967742 -0.0322740100300000 0.0003048000000000
-0.0003994354838710 -0.0322740100300000 -0.0000000000000060
-0.0003994354838710 -0.0322740100300000 0.0000761999999955
-0.0003994354838710 -0.0322740100300000 0.0001523999999970
-0.0003994354838710 -0.0322740100300000 0.0002285999999985
-0.0003994354838710 -0.0322740100300000 0.0003048000000000
-0.0003379838709677 -0.0322740100300000 -0.0000000000000060
-0.0003379838709677 -0.0322740100300000 0.0000761999999955
-0.0003379838709677 -0.0322740100300000 0.0001523999999970
-0.0003379838709677 -0.0322740100300000 0.0002285999999985
-0.0003379838709677 -0.0322740100300000 0.0003048000000000
-0.0002765322580645 -0.0322740100300000 -0.0000000000000060
-0.0002765322580645 -0.0322740100300000 0.0000761999999955
-0.0002765322580645 -0.0322740100300000 0.0001523999999970
-0.0002765322580645 -0.0322740100300000 0.0002285999999985
-0.0002765322580645 -0.0322740100300000 0.0003048000000000
-0.0002150806451613 -0.0322740100300000 -0.0000000000000060
-0.0002150806451613 -0.0322740100300000 0.0000761999999955
-0.0002150806451613 -0.0322740100300000 0.0001523999999970
-0.0002150806451613 -0.0322740100300000 0.0002285999999985
-0.0002150806451613 -0.0322740100300000 0.0003048000000000
-0.0001536290322581 -0.0322740100300000 -0.0000000000000060
-0.0001536290322581 -0.0322740100300000 0.0000761999999955
-0.0001536290322581 -0.0322740100300000 0.0001523999999970
-0.0001536290322581 -0.0322740100300000 0.0002285999999985
-0.0001536290322581 -0.0322740100300000 0.0003048000000000
-0.0000921774193548 -0.0322740100300000 -0.0000000000000060
-0.0000921774193548 -0.0322740100300000 0.0000761999999955
-0.0000921774193548 -0.0322740100300000 0.0001523999999970
-0.0000921774193548 -0.0322740100300000 0.0002285999999985
-0.0000921774193548 -0.0322740100300000 0.0003048000000000
-0.0000307258064516 -0.0322740100300000 -0.0000000000000060
-0.0000307258064516 -0.0322740100300000 0.0000761999999955
-0.0000307258064516 -0.0322740100300000 0.0001523999999970
-0.0000307258064516 -0.0322740100300000 0.0002285999999985
-0.0000307258064516 -0.0322740100300000 0.0003048000000000
0.0000307258064516 -0.0322740100300000 -0.0000000000000060
0.0000307258064516 -0.0322740100300000 0.0000761999999955
0.0000307258064516 -0.0322740100300000 0.0001523999999970
0.0000307258064516 -0.0322740100300000 0.0002285999999985
0.0000307258064516 -0.0322740100300000 0.0003048000000000
0.0000921774193548 -0.0322740100300000 -0.0000000000000060
0.0000921774193548 -0.0322740100300000 0.0000761999999955
0.0000921774193548 -0.0322740100300000 0.0001523999999970
0.0000921774193548 -0.0322740100300000 0.0002285999999985
0.0000921774193548 -0.0322740100300000 0.0003048000000000
0.0001536290322581 -0.0322740100300000 -0.0000000000000060
0.0001536290322581 -0.0322740100300000 0.0000761999999955
0.0001536290322581 -0.0322740100300000 0.0001523999999970
0.0001536290322581 -0.0322740100300000 0.0002285999999985
0.0001536290322581 -0.0322740100300000 0.0003048000000000
0.0002150806451613 -0.0322740100300000 -0.0000000000000060
0.0002150806451613 -0.0322740100300000 0.0000761999999955
0.0002150806451613 -0.0322740100300000 0.0001523999999970
0.0002150806451613 -0.0322740100300000 0.0002285999999985
0.0002150806451613 -0.0322740100300000 0.0003048000000000
0.0002765322580645 -0.0322740100300000 -0.0000000000000060
0.0002765322580645 -0.0322740100300000 0.0000761999999955
0.0002765322580645 -0.0322740100300000 0.0001523999999970
0.0002765322580645 -0.0322740100300000 0.0002285999999985
0.0002765322580645 -0.0322740100300000 0.0003048000000000
0.0003379838709677 -0.0322740100300000 -0.0000000000000060
0.0003379838709677 -0.0322740100300000 0.0000761999999955
0.0003379838709677 -0.0322740100300000 0.0001523999999970
0.0003379838709677 -0.0322740100300000 0.0002285999999985
0.0003379838709677 -0.0322740100300000 0.0003048000000000
0.0003994354838710 -0.0322740100300000 -0.0000000000000060
0.0003994354838710 -0.0322740100300000 0.0000761999999955
0.0003994354838710 -0.0322740100300000 0.0001523999999970
0.0003994354838710 -0.0322740100300000 0.0002285999999985
0.0003994354838710 -0.0322740100300000 0.0003048000000000
0.0004608870967742 -0.0322740100300000 -0.0000000000000060
0.0004608870967742 -0.0322740100300000 0.0000761999999955
0.0004608870967742 -0.0322740100300000 0.0001523999999970
0.0004608870967742 -0.0322740100300000 0.0002285999999985
0.0004608870967742 -0.0322740100300000 0.0003048000000000
0.0005223387096774 -0.0322740100300000 -0.0000000000000060
0.0005223387096774 -0.0322740100300000 0.0000761999999955
0.0005223387096774 -0.0322740100300000 0.0001523999999970
0.0005223387096774 -0.0322740100300000 0.0002285999999985
0.0005223387096774 -0.0322740100300000 0.0003048000000000
0.0005837903225806 -0.0322740100300000 -0.0000000000000060
0.0005837903225806 -0.0322740100300000 0.0000761999999955
0.0005837903225806 -0.0322740100300000 0.0001523999999970
0.0005837903225806 -0.0322740100300000 0.0002285999999985
0.0005837903225806 -0.0322740100300000 0.0003048000000000
0.0006452419354839 -0.0322740100300000 -0.0000000000000060
0.0006452419354839 -0.0322740100300000 0.0000761999999955
0.0006452419354839 -0.0322740100300000 0.0001523999999970
0.0006452419354839 -0.0322740100300000 0.0002285999999985
0.0006452419354839 -0.0322740100300000 0.0003048000000000
0.0007066935483871 -0.0322740100300000 -0.0000000000000060
0.0007066935483871 -0.0322740100300000 0.0000761999999955
0.0007066935483871 -0.0322740100300000 0.0001523999999970
0.0007066935483871 -0.0322740100300000 0.0002285999999985
0.0007066935483871 -0.0322740100300000 0.0003048000000000
0.0007681451612903 -0.0322740100300000 -0.0000000000000060
0.0007681451612903 -0.0322740100300000 0.0000761999999955
0.0007681451612903 -0.0322740100300000 0.0001523999999970
0.0007681451612903 -0.0322740100300000 0.0002285999999985
0.0007681451612903 -0.0322740100300000 0.0003048000000000
0.0008295967741935 -0.0322740100300000 -0.0000000000000060
0.0008295967741935 -0.0322740100300000 0.0000761999999955
0.0008295967741935 -0.0322740100300000 0.0001523999999970
0.0008295967741935 -0.0322740100300000 0.0002285999999985
0.0008295967741935 -0.0322740100300000 0.0003048000000000
0.0008910483870968 -0.0322740100300000 -0.0000000000000060
0.0008910483870968 -0.0322740100300000 0.0000761999999955
0.0008910483870968 -0.0322740100300000 0.0001523999999970
0.0008910483870968 -0.0322740100300000 0.0002285999999985
0.0008910483870968 -0.0322740100300000 0.0003048000000000
0.0009525000000000 -0.0322740100300000 -0.0000000000000060
0.0009525000000000 -0.0322740100300000 0.0000761999999955
0.0009525000000000 -0.0322740100300000 0.0001523999999970
0.0009525000000000 -0.0322740100300000 0.0002285999999985
0.0009525000000000 -0.0322740100300000 0.0003048000000000
0.0010139516129032 -0.0322740100300000 -0.0000000000000060
0.0010139516129032 -0.0322740100300000 0.0000761999999955
0.0010139516129032 -0.0322740100300000 0.0001523999999970
0.0010139516129032 -0.0322740100300000 0.0002285999999985
0.0010139516129032 -0.0322740100300000 0.0003048000000000
0.0010754032258065 -0.0322740100300000 -0.0000000000000060
0.0010754032258065 -0.0322740100300000 0.0000761999999955
0.0010754032258065 -0.0322740100300000 0.0001523999999970
0.0010754032258065 -0.0322740100300000 0.0002285999999985
0.0010754032258065 -0.0322740100300000 0.0003048000000000
0.0011368548387097 -0.0322740100300000 -0.0000000000000060
0.0011368548387097 -0.0322740100300000 0.0000761999999955
0.0011368548387097 -0.0322740100300000 0.0001523999999970
0.0011368548387097 -0.0322740100300000 0.0002285999999985
0.0011368548387097 -0.0322740100300000 0.0003048000000000
0.0011983064516129 -0.0322740100300000 -0.0000000000000060
0.0011983064516129 -0.0322740100300000 0.0000761999999955
0.0011983064516129 -0.0322740100300000 0.0001523999999970
0.0011983064516129 -0.0322740100300000 0.0002285999999985
0.0011983064516129 -0.0322740100300000 0.0003048000000000
0.0012597580645161 -0.0322740100300000 -0.0000000000000060
0.0012597580645161 -0.0322740100300000 0.0000761999999955
0.0012597580645161 -0.0322740100300000 0.0001523999999970
0.0012597580645161 -0.0322740100300000 0.0002285999999985
0.0012597580645161 -0.0322740100300000 0.0003048000000000
0.0013212096774194 -0.0322740100300000 -0.0000000000000060
0.0013212096774194 -0.0322740100300000 0.0000761999999955
0.0013212096774194 -0.0322740100300000 0.0001523999999970
0.0013212096774194 -0.0322740100300000 0.0002285999999985
0.0013212096774194 -0.0322740100300000 0.0003048000000000
0.0013826612903226 -0.0322740100300000 -0.0000000000000060
0.0013826612903226 -0.0322740100300000 0.0000761999999955
0.0013826612903226 -0.0322740100300000 0.0001523999999970
0.0013826612903226 -0.0322740100300000 0.0002285999999985
0.0013826612903226 -0.0322740100300000 0.0003048000000000
0.0014441129032258 -0.0322740100300000 -0.0000000000000060
0.0014441129032258 -0.0322740100300000 0.0000761999999955
0.0014441129032258 -0.0322740100300000 0.0001523999999970
0.0014441129032258 -0.0322740100300000 0.0002285999999985
0.0014441129032258 -0.0322740100300000 0.0003048000000000
0.0015055645161290 -0.0322740100300000 -0.0000000000000060
0.0015055645161290 -0.0322740100300000 0.0000761999999955
0.0015055645161290 -0.0322740100300000 0.0001523999999970
0.0015055645161290 -0.0322740100300000 0.0002285999999985
0.0015055645161290 -0.0322740100300000 0.0003048000000000
0.0015670161290323 -0.0322740100300000 -0.0000000000000060
0.0015670161290323 -0.0322740100300000 0.0000761999999955
0.0015670161290323 -0.0322740100300000 0.0001523999999970
0.0015670161290323 -0.0322740100300000 0.0002285999999985
0.0015670161290323 -0.0322740100300000 0.0003048000000000
0.0016284677419355 -0.0322740100300000 -0.0000000000000060
0.0016284677419355 -0.0322740100300000 0.0000761999999955
0.0016284677419355 -0.0322740100300000 0.0001523999999970
0.0016284677419355 -0.0322740100300000 0.0002285999999985
0.0016284677419355 -0.0322740100300000 0.0003048000000000
0.0016899193548387 -0.0322740100300000 -0.0000000000000060
0.0016899193548387 -0.0322740100300000 0.0000761999999955
0.0016899193548387 -0.0322740100300000 0.0001523999999970
0.0016899193548387 -0.0322740100300000 0.0002285999999985
0.0016899193548387 -0.0322740100300000 0.0003048000000000
0.0017513709677419 -0.0322740100300000 -0.0000000000000060
0.0017513709677419 -0.0322740100300000 0.0000761999999955
0.0017513709677419 -0.0322740100300000 0.0001523999999970
0.0017513709677419 -0.0322740100300000 0.0002285999999985
0.0017513709677419 -0.0322740100300000 0.0003048000000000
0.0018128225806452 -0.0322740100300000 -0.0000000000000060
0.0018128225806452 -0.0322740100300000 0.0000761999999955
0.0018128225806452 -0.0322740100300000 0.0001523999999970
0.0018128225806452 -0.0322740100300000 0.0002285999999985
0.0018128225806452 -0.0322740100300000 0.0003048000000000
0.0018742741935484 -0.0322740100300000 -0.0000000000000060
0.0018742741935484 -0.0322740100300000 0.0000761999999955
0.0018742741935484 -0.0322740100300000 0.0001523999999970
0.0018742741935484 -0.0322740100300000 0.0002285999999985
0.0018742741935484 -0.0322740100300000 0.0003048000000000
0.0019357258064516 -0.0322740100300000 -0.0000000000000060
0.0019357258064516 -0.0322740100300000 0.0000761999999955
0.0019357258064516 -0.0322740100300000 0.0001523999999970
0.0019357258064516 -0.0322740100300000 0.0002285999999985
0.0019357258064516 -0.0322740100300000 0.0003048000000000
0.0019971774193548 -0.0322740100300000 -0.0000000000000060
0.0019971774193548 -0.0322740100300000 0.0000761999999955
0.0019971774193548 -0.0322740100300000 0.0001523999999970
0.0019971774193548 -0.0322740100300000 0.0002285999999985
0.0019971774193548 -0.0322740100300000 0.0003048000000000
0.0020586290322581 -0.0322740100300000 -0.0000000000000060
0.0020586290322581 -0.0322740100300000 0.0000761999999955
0.0020586290322581 -0.0322740100300000 0.0001523999999970
0.0020586290322581 -0.0322740100300000 0.0002285999999985
0.0020586290322581 -0.0322740100300000 0.0003048000000000
0.0021200806451613 -0.0322740100300000 -0.0000000000000060
0.0021200806451613 -0.0322740100300000 0.0000761999999955
0.0021200806451613 -0.0322740100300000 0.0001523999999970
0.0021200806451613 -0.0322740100300000 0.0002285999999985
0.0021200806451613 -0.0322740100300000 0.0003048000000000
0.0021815322580645 -0.0322740100300000 -0.0000000000000060
0.0021815322580645 -0.0322740100300000 0.0000761999999955
0.0021815322580645 -0.0322740100300000 0.0001523999999970
0.0021815322580645 -0.0322740100300000 0.0002285999999985
0.0021815322580645 -0.0322740100300000 0.0003048000000000
0.0022429838709677 -0.0322740100300000 -0.0000000000000060
0.0022429838709677 -0.0322740100300000 0.0000761999999955
0.0022429838709677 -0.0322740100300000 0.0001523999999970
0.0022429838709677 -0.0322740100300000 0.0002285999999985
0.0022429838709677 -0.0322740100300000 0.0003048000000000
0.0023044354838710 -0.0322740100300000 -0.0000000000000060
0.0023044354838710 -0.0322740100300000 0.0000761999999955
0.0023044354838710 -0.0322740100300000 0.0001523999999970
0.0023044354838710 -0.0322740100300000 0.0002285999999985
0.0023044354838710 -0.0322740100300000 0.0003048000000000
0.0023658870967742 -0.0322740100300000 -0.0000000000000060
0.0023658870967742 -0.0322740100300000 0.0000761999999955
0.0023658870967742 -0.0322740100300000 0.0001523999999970
0.0023658870967742 -0.0322740100300000 0.0002285999999985
0.0023658870967742 -0.0322740100300000 0.0003048000000000
0.0024273387096774 -0.0322740100300000 -0.0000000000000060
0.0024273387096774 -0.0322740100300000 0.0000761999999955
0.0024273387096774 -0.0322740100300000 0.0001523999999970
0.0024273387096774 -0.0322740100300000 0.0002285999999985
0.0024273387096774 -0.0322740100300000 0.0003048000000000
0.0024887903225806 -0.0322740100300000 -0.0000000000000060
0.0024887903225806 -0.0322740100300000 0.0000761999999955
0.0024887903225806 -0.0322740100300000 0.0001523999999970
0.0024887903225806 -0.0322740100300000 0.0002285999999985
0.0024887903225806 -0.0322740100300000 0.0003048000000000
0.0025502419354839 -0.0322740100300000 -0.0000000000000060
0.0025502419354839 -0.0322740100300000 0.0000761999999955
0.0025502419354839 -0.0322740100300000 0.0001523999999970
0.0025502419354839 -0.0322740100300000 0.0002285999999985
0.0025502419354839 -0.0322740100300000 0.0003048000000000
0.0026116935483871 -0.0322740100300000 -0.0000000000000060
0.0026116935483871 -0.0322740100300000 0.0000761999999955
0.0026116935483871 -0.0322740100300000 0.0001523999999970
0.0026116935483871 -0.0322740100300000 0.0002285999999985
0.0026116935483871 -0.0322740100300000 0.0003048000000000
0.0026731451612903 -0.0322740100300000 -0.0000000000000060
0.0026731451612903 -0.0322740100300000 0.0000761999999955
0.0026731451612903 -0.0322740100300000 0.0001523999999970
0.0026731451612903 -0.0322740100300000 0.0002285999999985
0.0026731451612903 -0.0322740100300000 0.0003048000000000
0.0027345967741935 -0.0322740100300000 -0.0000000000000060
0.0027345967741935 -0.0322740100300000 0.0000761999999955
0.0027345967741935 -0.0322740100300000 0.0001523999999970
0.0027345967741935 -0.0322740100300000 0.0002285999999985
0.0027345967741935 -0.0322740100300000 0.0003048000000000
0.0027960483870968 -0.0322740100300000 -0.0000000000000060
0.0027960483870968 -0.0322740100300000 0.0000761999999955
0.0027960483870968 -0.0322740100300000 0.0001523999999970
0.0027960483870968 -0.0322740100300000 0.0002285999999985
0.0027960483870968 -0.0322740100300000 0.0003048000000000
0.0028575000000000 -0.0322740100300000 -0.0000000000000060
0.0028575000000000 -0.0322740100300000 0.0000761999999955
0.0028575000000000 -0.0322740100300000 0.0001523999999970
0.0028575000000000 -0.0322740100300000 0.0002285999999985
0.0028575000000000 -0.0322740100300000 0.0003048000000000
0.0029189516129032 -0.0322740100300000 -0.0000000000000060
0.0029189516129032 -0.0322740100300000 0.0000761999999955
0.0029189516129032 -0.0322740100300000 0.0001523999999970
0.0029189516129032 -0.0322740100300000 0.0002285999999985
0.0029189516129032 -0.0322740100300000 0.0003048000000000
0.0029804032258065 -0.0322740100300000 -0.0000000000000060
0.0029804032258065 -0.0322740100300000 0.0000761999999955
0.0029804032258065 -0.0322740100300000 0.0001523999999970
0.0029804032258065 -0.0322740100300000 0.0002285999999985
0.0029804032258065 -0.0322740100300000 0.0003048000000000
0.0030418548387097 -0.0322740100300000 -0.0000000000000060
0.0030418548387097 -0.0322740100300000 0.0000761999999955
0.0030418548387097 -0.0322740100300000 0.0001523999999970
0.0030418548387097 -0.0322740100300000 0.0002285999999985
0.0030418548387097 -0.0322740100300000 0.0003048000000000
0.0031033064516129 -0.0322740100300000 -0.0000000000000060
0.0031033064516129 -0.0322740100300000 0.0000761999999955
0.0031033064516129 -0.0322740100300000 0.0001523999999970
0.0031033064516129 -0.0322740100300000 0.0002285999999985
0.0031033064516129 -0.0322740100300000 0.0003048000000000
0.0031647580645161 -0.0322740100300000 -0.0000000000000060
0.0031647580645161 -0.0322740100300000 0.0000761999999955
0.0031647580645161 -0.0322740100300000 0.0001523999999970
0.0031647580645161 -0.0322740100300000 0.0002285999999985
0.0031647580645161 -0.0322740100300000 0.0003048000000000
0.0032262096774194 -0.0322740100300000 -0.0000000000000060
0.0032262096774194 -0.0322740100300000 0.0000761999999955
0.0032262096774194 -0.0322740100300000 0.0001523999999970
0.0032262096774194 -0.0322740100300000 0.0002285999999985
0.0032262096774194 -0.0322740100300000 0.0003048000000000
0.0032876612903226 -0.0322740100300000 -0.0000000000000060
0.0032876612903226 -0.0322740100300000 0.0000761999999955
0.0032876612903226 -0.0322740100300000 0.0001523999999970
0.0032876612903226 -0.0322740100300000 0.0002285999999985
0.0032876612903226 -0.0322740100300000 0.0003048000000000
0.0033491129032258 -0.0322740100300000 -0.0000000000000060
0.0033491129032258 -0.0322740100300000 0.0000761999999955
0.0033491129032258 -0.0322740100300000 0.0001523999999970
0.0033491129032258 -0.0322740100300000 0.0002285999999985
0.0033491129032258 -0.0322740100300000 0.0003048000000000
0.0034105645161290 -0.0322740100300000 -0.0000000000000060
0.0034105645161290 -0.0322740100300000 0.0000761999999955
0.0034105645161290 -0.0322740100300000 0.0001523999999970
0.0034105645161290 -0.0322740100300000 0.0002285999999985
0.0034105645161290 -0.0322740100300000 0.0003048000000000
0.0034720161290323 -0.0322740100300000 -0.0000000000000060
0.0034720161290323 -0.0322740100300000 0.0000761999999955
0.0034720161290323 -0.0322740100300000 0.0001523999999970
0.0034720161290323 -0.0322740100300000 0.0002285999999985
0.0034720161290323 -0.0322740100300000 0.0003048000000000
0.0035334677419355 -0.0322740100300000 -0.0000000000000060
0.0035334677419355 -0.0322740100300000 0.0000761999999955
0.0035334677419355 -0.0322740100300000 0.0001523999999970
0.0035334677419355 -0.0322740100300000 0.0002285999999985
0.0035334677419355 -0.0322740100300000 0.0003048000000000
0.0035949193548387 -0.0322740100300000 -0.0000000000000060
0.0035949193548387 -0.0322740100300000 0.0000761999999955
0.0035949193548387 -0.0322740100300000 0.0001523999999970
0.0035949193548387 -0.0322740100300000 0.0002285999999985
0.0035949193548387 -0.0322740100300000 0.0003048000000000
0.0036563709677419 -0.0322740100300000 -0.0000000000000060
0.0036563709677419 -0.0322740100300000 0.0000761999999955
0.0036563709677419 -0.0322740100300000 0.0001523999999970
0.0036563709677419 -0.0322740100300000 0.0002285999999985
0.0036563709677419 -0.0322740100300000 0.0003048000000000
0.0037178225806452 -0.0322740100300000 -0.0000000000000060
0.0037178225806452 -0.0322740100300000 0.0000761999999955
0.0037178225806452 -0.0322740100300000 0.0001523999999970
0.0037178225806452 -0.0322740100300000 0.0002285999999985
0.0037178225806452 -0.0322740100300000 0.0003048000000000
0.0037792741935484 -0.0322740100300000 -0.0000000000000060
0.0037792741935484 -0.0322740100300000 0.0000761999999955
0.0037792741935484 -0.0322740100300000 0.0001523999999970
0.0037792741935484 -0.0322740100300000 0.0002285999999985
0.0037792741935484 -0.0322740100300000 0.0003048000000000
0.0038407258064516 -0.0322740100300000 -0.0000000000000060
0.0038407258064516 -0.0322740100300000 0.0000761999999955
0.0038407258064516 -0.0322740100300000 0.0001523999999970
0.0038407258064516 -0.0322740100300000 0.0002285999999985
0.0038407258064516 -0.0322740100300000 0.0003048000000000
0.0039021774193548 -0.0322740100300000 -0.0000000000000060
0.0039021774193548 -0.0322740100300000 0.0000761999999955
0.0039021774193548 -0.0322740100300000 0.0001523999999970
0.0039021774193548 -0.0322740100300000 0.0002285999999985
0.0039021774193548 -0.0322740100300000 0.0003048000000000
0.0039636290322581 -0.0322740100300000 -0.0000000000000060
0.0039636290322581 -0.0322740100300000 0.0000761999999955
0.0039636290322581 -0.0322740100300000 0.0001523999999970
0.0039636290322581 -0.0322740100300000 0.0002285999999985
0.0039636290322581 -0.0322740100300000 0.0003048000000000
0.0040250806451613 -0.0322740100300000 -0.0000000000000060
0.0040250806451613 -0.0322740100300000 0.0000761999999955
0.0040250806451613 -0.0322740100300000 0.0001523999999970
0.0040250806451613 -0.0322740100300000 0.0002285999999985
0.0040250806451613 -0.0322740100300000 0.0003048000000000
0.0040865322580645 -0.0322740100300000 -0.0000000000000060
0.0040865322580645 -0.0322740100300000 0.0000761999999955
0.0040865322580645 -0.0322740100300000 0.0001523999999970
0.0040865322580645 -0.0322740100300000 0.0002285999999985
0.0040865322580645 -0.0322740100300000 0.0003048000000000
0.0041479838709677 -0.0322740100300000 -0.0000000000000060
0.0041479838709677 -0.0322740100300000 0.0000761999999955
0.0041479838709677 -0.0322740100300000 0.0001523999999970
0.0041479838709677 -0.0322740100300000 0.0002285999999985
0.0041479838709677 -0.0322740100300000 0.0003048000000000
0.0042094354838710 -0.0322740100300000 -0.0000000000000060
0.0042094354838710 -0.0322740100300000 0.0000761999999955
0.0042094354838710 -0.0322740100300000 0.0001523999999970
0.0042094354838710 -0.0322740100300000 0.0002285999999985
0.0042094354838710 -0.0322740100300000 0.0003048000000000
0.0042708870967742 -0.0322740100300000 -0.0000000000000060
0.0042708870967742 -0.0322740100300000 0.0000761999999955
0.0042708870967742 -0.0322740100300000 0.0001523999999970
0.0042708870967742 -0.0322740100300000 0.0002285999999985
0.0042708870967742 -0.0322740100300000 0.0003048000000000
0.0043323387096774 -0.0322740100300000 -0.0000000000000060
0.0043323387096774 -0.0322740100300000 0.0000761999999955
0.0043323387096774 -0.0322740100300000 0.0001523999999970
0.0043323387096774 -0.0322740100300000 0.0002285999999985
0.0043323387096774 -0.0322740100300000 0.0003048000000000
0.0043937903225806 -0.0322740100300000 -0.0000000000000060
0.0043937903225806 -0.0322740100300000 0.0000761999999955
0.0043937903225806 -0.0322740100300000 0.0001523999999970
0.0043937903225806 -0.0322740100300000 0.0002285999999985
0.0043937903225806 -0.0322740100300000 0.0003048000000000
0.0044552419354839 -0.0322740100300000 -0.0000000000000060
0.0044552419354839 -0.0322740100300000 0.0000761999999955
0.0044552419354839 -0.0322740100300000 0.0001523999999970
0.0044552419354839 -0.0322740100300000 0.0002285999999985
0.0044552419354839 -0.0322740100300000 0.0003048000000000
0.0045166935483871 -0.0322740100300000 -0.0000000000000060
0.0045166935483871 -0.0322740100300000 0.0000761999999955
0.0045166935483871 -0.0322740100300000 0.0001523999999970
0.0045166935483871 -0.0322740100300000 0.0002285999999985
0.0045166935483871 -0.0322740100300000 0.0003048000000000
0.0045781451612903 -0.0322740100300000 -0.0000000000000060
0.0045781451612903 -0.0322740100300000 0.0000761999999955
0.0045781451612903 -0.0322740100300000 0.0001523999999970
0.0045781451612903 -0.0322740100300000 0.0002285999999985
0.0045781451612903 -0.0322740100300000 0.0003048000000000
0.0046395967741935 -0.0322740100300000 -0.0000000000000060
0.0046395967741935 -0.0322740100300000 0.0000761999999955
0.0046395967741935 -0.0322740100300000 0.0001523999999970
0.0046395967741935 -0.0322740100300000 0.0002285999999985
0.0046395967741935 -0.0322740100300000 0.0003048000000000
0.0047010483870968 -0.0322740100300000 -0.0000000000000060
0.0047010483870968 -0.0322740100300000 0.0000761999999955
0.0047010483870968 -0.0322740100300000 0.0001523999999970
0.0047010483870968 -0.0322740100300000 0.0002285999999985
0.0047010483870968 -0.0322740100300000 0.0003048000000000
0.0047625000000000 -0.0322740100300000 -0.0000000000000060
0.0047625000000000 -0.0322740100300000 0.0000761999999955
0.0047625000000000 -0.0322740100300000 0.0001523999999970
0.0047625000000000 -0.0322740100300000 0.0002285999999985
0.0047625000000000 -0.0322740100300000 0.0003048000000000
